1.4
1.4
1.4
1.4
-0.6950407417096054
1.4
1.4
1.4
1.4
1.4
1.4
1.4
1.4
1.4
1.4
1.4
-1.8687266859531038
1.4
1.4
1.4
1.4
1.4
0.008076184837685574
1.4
1.4
1.4
1.4
1.4
-0.7987938740784832
1.4
1.4
1.4
1.4
1.4
1.4
1.4
1.4
1.4
1.4
1.4
1.4
1.4
1.4
1.4
1.4
1.4
1.4
1.4
1.4
1.4
1.4
1.4
1.4
1.4
1.0519431301270536
1.4
1.4
1.4
1.4
1.4
1.4
-0.5012682563781343
1.4
1.4
1.4
1.4
1.4
1.4
1.4
1.4
1.4
1.4
1.4
1.4
1.4
1.4
1.4
1.4
1.4
1.4
1.4
1.4
1.4
1.4
1.4
1.4
1.4
1.4
1.4
1.4
1.4
0.8093424783652878
1.4
1.4
1.4
1.4
1.4
1.4
1.4
1.4
1.4
1.4
0.563877318567882
1.4
1.4
1.4
1.4
-0.34280104822200386
0.21162141318778005
1.4
1.4
1.4
1.4
1.4
1.4
0.8818914366957094
1.4
1.4
1.4
1.4
1.4
0.2944840162569893
1.4
1.4
1.4
1.4
1.4
1.4
1.4
1.4
1.4
1.4
1.4
-0.9274466889941362
1.4
1.4
-3.0861766216321698
1.4
1.4
1.4
1.4
1.4
1.4
1.4
1.4
0.3803549590363531
1.4
1.4
1.4
1.4
1.4
1.4
1.4
1.4
-5.844331469275918
1.4
1.4
1.4
1.4
-1.8592925486606964
1.4
1.4
0.792238590498731
-2.0958041013009137
1.4
1.4
1.4
1.4
0.908988493532453
1.4
1.4
1.4
1.4
1.4
1.4
1.4
1.4
1.4
-0.8801833504752778
1.4
1.4
1.4
1.4
1.4
1.4
1.4
-0.6566110449166835
1.4
1.0664282229853814
1.4
1.4
-0.25597725363222246
1.4
1.4
1.4
1.3606022342276844
-0.6932868461941917
-1.5156733108287135
1.4
1.4
1.4
0.17270857384509064
1.4
1.4
1.4
1.4
1.4
1.4
1.4
0.06425467542830887
-0.7241346789956378
1.4
1.4
1.4
1.4
1.4
1.4
1.4
1.4
1.4
1.4
1.4
1.4
1.4
1.4
1.4
1.4
1.4
1.4
1.4
1.4
-2.3734141039905383
1.4
1.4
1.4
1.4
1.4
1.4
1.4
1.4
1.4
1.4
1.4
1.4
-0.09124114741508471
1.4
1.4
1.4
1.4
1.4
-0.6149050053768708
1.4
-1.040311588962476
-1.5808568548940833
1.4
1.4
1.4
1.4
1.4
1.4
1.4
1.4
1.4
1.4
1.4
-0.09857796031097266
1.4
1.4
1.4
1.4
0.677337095124992
1.4
1.4
1.4
1.4
1.4
1.4
1.4
1.4
1.4
1.4
1.4
1.4
1.4
0.8970872422616214
1.4
1.4
1.4
1.4
1.4
1.4
1.4
-1.6264888674406102
1.4
-6.178677828923679
1.4
1.4
1.4
1.4
1.4
1.4
1.4
1.4
1.4
1.4
1.4
1.4
1.4
1.4
1.4
1.4
1.4
1.4
1.4
1.4
1.4
1.4
1.4
1.4
1.055792213492662
1.4
1.4
1.4
1.4
1.4
1.4
1.4
1.4
1.4
1.4
1.2565598163999443
1.4
1.4
1.4
-2.0425127482394805
1.4
1.4
1.4
1.4
1.4
1.4
-2.0520731405232944
1.4
1.4
1.4
1.4
0.6013749360292824
1.4
1.4
1.4
1.4
1.4
1.4
1.4
1.4
1.4
1.4
1.4
1.4
1.4
1.4
1.4
1.4
1.4
1.4
1.4
1.4
1.4
1.4
1.4
1.4
1.4
1.4
1.4
1.4
1.4
1.4
1.4
1.4
1.4
1.4
1.4
0.05942134592766379
1.4
1.4
1.4
1.4
1.3300350043034088
1.4
1.4
1.4
1.4
1.4
-0.2910483859063957
1.4
1.4
-2.5535863907080323
1.4
1.4
1.4
1.4
1.4
1.4
1.4
0.6927790352105507
1.4
1.4
1.4
1.4
1.4
1.4
1.4
1.4
1.4
-1.0286670443934591
1.4
1.4
1.4
1.4
1.4
1.4
1.4
1.4
1.4
1.4
1.4
1.4
1.4
1.4
1.4
1.4
1.4
-1.5092073510438153
1.4
-1.5190104663167334
1.4
1.4
0.2990700233336243
1.4
1.4
1.0691858769469933
1.4
1.4
1.4
-3.7096294727988557
1.4
1.4
1.4
1.4
-0.013682445187718884
1.4
1.4
1.4
1.4
1.4
1.4
1.4
1.4
0.10013481257583745
1.4
1.4
1.4
1.4
1.4
1.4
1.4
1.4
1.4
1.4
1.4
1.4
-0.6927033917709569
0.7185166792523612
1.4
1.4
1.4
1.4
1.4
1.4
1.4
1.4
1.1881642032303308
1.4
1.4
1.4
1.4
1.4
1.4
1.4
-0.8909790332365652
1.4
1.4
1.4
1.4
1.4
-0.456110977602461
1.4
1.4
1.4
-2.951335221992073
0.04298489016649043
1.4
-4.714240253738502
1.4
1.4
1.4
1.4
1.4
1.4
1.4
1.4
-3.3857961695153893
-0.5442906717051876
1.4
1.4
1.4
-1.3752530338040367
-3.311245282265519
1.4
1.4
1.4
1.4
1.4
1.4
1.4
0.9848895955125432
1.4
1.4
0.5334276946188083
1.4
1.4
1.4
1.4
-3.333782166434739
-1.3405612402376743
1.4
1.4
1.4
1.4
1.4
1.4
-1.2809267549533265
1.4
1.4
1.4
1.4
1.4
1.4
1.4
1.4
-0.7526343117004854
1.4
-2.57703377343055
1.4
1.4
1.4
1.4
1.4
1.193367243733979
1.4
1.4
1.4
1.4
1.4
1.4
1.4
1.4
1.4
1.4
1.4
1.4
1.4
1.4
1.4
-2.1496387090150453
1.4
1.4
1.4
1.4
1.4
1.4
1.4
1.4
1.4
1.4
1.4
1.4
1.4
1.4
1.4
1.4
0.9584027361820882
1.4
-3.01472969948877
-1.9887398932551736
1.4
1.4
1.4
1.4
1.4
1.4
1.4
1.4
1.4
1.4
1.4
1.4
1.4
1.4
1.4
1.4
1.4
1.4
1.4
1.4
1.4
-2.5867626617656825
1.4
1.4
1.4
1.4
1.4
1.4
1.4
-0.14807305549270655
1.4
-0.651104756666185
1.4
1.4
1.4
0.06011741129441095
1.4
1.4
1.4
1.4
1.4
1.4
1.4
1.4
1.4
1.4
1.4
1.4
1.4
1.4
1.4
1.4
1.4
0.5189349802855672
1.4
1.4
1.3817730732642888
1.4
1.4
1.4
1.4
1.4
1.4
1.4
1.4
1.4
1.4
1.4
1.4
1.4
1.4
1.4
1.4
1.4
1.4
1.4
1.4
1.4
1.4
-1.8014744594026135
-0.11481311795026095
1.4
1.4
1.4
1.4
1.4
0.9161771519824224
1.4
1.4
1.4
1.4
0.24794914150692016
1.4
1.4
1.4
1.4
0.0932825561065318
1.4
1.4
1.4
-1.5810085616323653
1.4
0.46515927100243903
1.4
1.4
1.4
1.4
1.4
1.4
1.344301070590049
1.4
1.4
1.4
1.4
1.4
1.4
1.4
1.4
1.4
1.4
1.4
1.2725893194038713
1.4
1.4
1.4
1.4
1.4
1.4
1.4
1.4
1.4
-3.6848051456361297
1.4
1.4
1.4
1.4
1.4
1.4
1.2694993628211186
1.4
1.4
1.4
1.4
1.4
1.4
-1.8726764924619514
0.21034932543600338
1.4
1.4
1.4
1.4
-0.34469437384690504
1.4
1.4
1.4
1.4
1.4
1.4
-0.8096640511028825
-0.3032507336903967
1.4
1.4
1.4
0.15419981176171138
1.4
1.4
-4.058013163701242
1.4
1.4
-0.7623813623943487
1.4
1.4
1.4
1.4
0.3735838273089813
0.4120065034179925
1.4
-0.7266901957720107
-0.1698457132322062
1.4
1.4
1.4
1.4
1.4
1.2675674345067822
1.4
1.4
1.4
1.4
-0.013399510886380028
1.4
1.4
1.4
1.4
0.46686359012545253
0.45695788017929306
1.4
1.4
1.4
1.4
1.4
1.4
1.4
1.4
1.4
0.12809082944104855
1.4
1.4
1.4
1.4
1.4
1.4
-4.320366766138429
1.4
1.4
-2.5682436046234933
1.4
1.4
1.4
1.4
1.4
-1.3943006881373563
1.4
1.4
1.4
1.4
1.4
1.4
1.4
1.4
1.4
1.4
1.4
1.4
1.4
1.4
1.4
1.4
1.4
1.4
-1.2278227354275675
1.4
1.4
1.4
1.4
1.4
1.4
1.4
1.4
1.4
1.4
1.4
1.4
1.4
1.4
1.4
1.4
1.4
1.4
1.4
1.4
1.4
1.4
1.4
1.4
1.4
1.4
0.18627793497140033
1.4
1.4
1.4
1.4
1.4
1.4
1.4
1.4
1.4
1.4
1.4
1.4
1.4
1.4
1.1393274051256537
1.4
1.4
1.4
1.4
1.4
1.4
1.4
1.4
1.4
1.4
-0.5480491823514368
1.4
1.4
1.4
-2.282539784146076
1.4
1.4
1.4
-1.3243414348714753
1.4
1.4
1.4
1.4
-7.095899976439073
1.4
-3.990922274493915
1.1861573738025877
1.4
1.4
1.4
1.4
1.4
-4.377240808699817
1.4
1.4
1.4
1.4
-4.513480987997967
1.4
1.4
1.4
1.4
1.4
1.4
1.4
-3.8299385224676694
1.4
1.4
1.4
1.4
1.4
-5.20389172135571
1.4
1.4
1.4
1.4
1.4
1.4
1.4
1.4
1.4
1.4
1.4
1.4
1.4
1.4
1.4
0.6980528497902094
1.4
1.4
1.4
1.4
-5.03558152323053
1.4
1.4
1.4
1.4
0.6181629126333847
1.4
1.4
1.4
1.4
1.4
1.4
1.4
1.4
1.2435280085166855
1.4
1.4
1.4
1.4
1.4
1.4
1.4
1.4
1.4
1.4
-2.1314521819741055
1.4
1.4
1.4
0.7173324369283547
1.4
1.4
1.4
1.4
-3.641428992129905
1.4
1.4
1.4
1.4
1.4
1.4
1.4
1.4
1.4
1.4
1.4
1.4
1.4
1.4
1.4
1.4
-0.8096097980595314
1.4
1.4
1.4
1.4
1.4
1.4
1.4
1.4
1.4
0.3389371809736117
1.4
-0.7917020102035046
1.4
-1.9128005607080816
1.4
1.4
1.4
1.4
1.037802270828994
1.4
1.4
1.4
1.4
1.4
1.4
1.4
1.4
1.4
1.4
1.4
1.4
1.4
0.48084933043686284
1.4
1.4
1.4
1.4
1.4
1.4
1.4
1.4
1.4
1.4
