2.666141804291459
1.9856204103738389
3.1169348398502907
3.7905060810998026
5.257778557610309
4.950771000597184
3.7373201753049705
4.671804731652386
3.7300816605878007
1.8612910784919614
1.7616018141710827
2.1320680490044994
2.2662102017100985
3.7528349582245406
2.6720397758220487
2.9289339125218636
3.6235539329389392
2.621164905074477
2.955406324275888
2.0556516495709207
2.54075804553687
5.375979596495108
4.718159382173641
4.460434558608088
3.555171291093408
3.91982822868736
4.681012639530747
2.8829038214426577
3.2263957045433944
3.1209209581067667
5.56493350828041
2.18931353177148
2.1000690025358635
2.05875744864899
3.949631690439689
5.304661768020381
1.9066065481538033
3.801099014988961
3.863866069368817
5.408984913430322
3.0595672157635727
2.7822104324235566
3.7371767498572828
2.0572644072106256
5.187037660991631
2.0309227403108676
1.7830069371392772
2.7829517487401287
4.054707702112545
1.6581926134730316
3.254137734028771
4.904479953201415
4.759512848854767
2.351688368309538
4.742048537378267
3.9471714979712242
2.248079339133447
3.4036344697291683
4.323560161632904
2.23577904534359
4.980075606788223
3.3404113385309104
5.458775179930844
4.825949465342284
3.771701786196909
4.873400434673535
3.8008363382044474
4.4464437865319875
2.8578389674463613
2.430458481670922
2.869665361631519
1.709050184801404
4.747439807134379
5.302414700256284
4.505934917824586
2.8810050979210295
3.1650762114906565
3.1942206401516433
1.856767926019192
2.869398151928582
4.00578761606802
3.423431942205498
2.600251299595632
4.740542465979066
4.711678510306861
5.164837591138875
5.070455369001323
3.475680406744314
3.023307933184087
2.3328909796953874
2.4313476236856317
2.3968635930532574
3.041854330342077
4.879908188604913
1.9576592500024055
4.613146741625734
1.9619537547829906
3.897424931629481
2.955535147808031
2.509704935266928
5.466392353379258
1.7642090179694119
2.3472514008502703
4.770927221987687
3.9160265354365182
5.285405859434883
2.583392516801757
2.0037904901571695
4.045566999285979
4.830270790933446
1.9681756927102207
2.480621702086151
4.833053453080633
3.207094617853389
2.6722552702189906
5.0702242037927014
4.516677059982115
1.6860563109928992
1.6396678534394962
4.602914958959364
3.0367655066627575
3.475337596614628
5.036460350578415
2.003737828178095
4.710983633845553
2.9123742066951688
3.6370801374086126
4.260989796317879
2.318265705591708
2.198251759555813
2.1661527163252274
5.062182590955019
2.8224915059470455
4.437295964788146
4.938756648282913
4.007570609256312
2.1051992801952
2.4269622070098116
3.7819718453431626
4.490514195911882
4.718973801018854
4.884119364711292
4.094110310192593
4.288793298815303
3.811806083939031
5.37389844495609
5.54774135022149
2.4217366092847246
2.7957055161189435
3.749969254669456
1.7942351971514356
5.048395957582555
2.589187546151471
4.7111061294202266
4.328303312164124
3.3867799642161316
3.320685647406278
2.6008792740517155
3.3575952366379695
3.7522396341952584
1.643466102949096
4.9451640110811335
2.2860704200854625
3.5431324310424475
4.772268290711606
5.330557752152797
5.505248003321994
1.6756438989139086
4.366813676206572
3.9202822845662864
3.9741853274443453
2.1539831894371795
5.532868266967963
2.7076573252021463
3.85628776553518
2.288696879519371
1.9569889138200773
3.543986803516065
2.31031244184678
2.8689665407210474
5.172141338850247
5.281742144772915
5.320431527093444
4.156443385226188
2.502922309588631
2.8519395200929716
4.347797443831768
5.426158917697133
4.4513844434096255
2.9478059935691188
4.045146945325717
4.512882891825038
4.213630869246285
5.489415074778055
2.4778767302095095
5.286414035306912
4.652777216186872
4.181153716964247
3.0747604775270143
3.646527259529467
4.769920232385682
2.415376916879476
2.794871833698659
2.7982648029622768
3.809271352637241
2.2607148558283643
4.405103860390726
3.4591134427362027
1.9398928301416976
2.09297558953179
4.024420683386291
3.65580498490431
3.108790826090452
2.223116888123614
3.3070115273481213
5.366773181245248
4.478390692405406
4.729074455861247
3.5801033342372315
3.1744289969549553
4.147891686796591
3.1359066580252586
4.981859992885534
3.776891557273154
5.577244229337832
3.6966958696014003
1.9616071584207933
2.6207356997862012
2.0041857501127196
4.547630045201268
1.934879754764999
5.499283532474225
5.476914166681684
4.067610592899646
5.46720462619416
4.346516814840071
1.9280331327038622
5.0038815773817245
2.563961183166728
5.004003303717175
5.359988421282516
5.213703710821914
3.1889599074350063
5.24033667223058
3.352515796611609
4.089610192444466
3.5518660890884424
2.4480605220552305
3.325042003413411
3.73621817255688
