3.0864573229902597
4.405130651631235
4.545672466301273
3.978311219363606
5.025108555652019
5.186417484465395
5.440315267859436
3.884930776870182
2.3051035808259015
2.6023816355095173
2.4704747540263323
3.8780693983911774
4.631000458665747
1.8085328845687458
4.326545822429873
4.468613053470043
2.991926031827231
3.6602232171733675
2.2591926081246996
4.519584601947995
1.7628347493461956
5.524884232592636
4.8317749337906815
4.113794007928563
2.670104978588447
5.251451560369728
5.437755351508287
2.156504636085884
4.703029001262863
4.967723434174095
4.23886942525593
4.401631065666923
3.3802349284580466
5.297231210499712
5.484830112785126
3.129413251280698
4.8108461232014275
3.3316863655221454
2.259016874733095
2.901869107429056
2.10532029933937
5.235539039610819
5.437696320176576
2.0767469296234995
4.002716324748234
3.2328963908343327
2.0723601240071567
2.781902059247268
2.5928654843225925
4.598307244759027
1.6160358238161838
2.3593548157323347
3.355092280479748
1.6841386923434851
4.110106354149922
4.022510154314016
4.941329403531455
2.4264232627407387
2.7391264542463554
3.7693577230109945
2.6929027888517276
3.942952333611836
2.6035289178000367
4.334108610343829
4.764362873472008
4.83461848065523
5.494464438199388
3.7815080153034755
3.5632371193160575
5.022790799194574
4.676269543437517
3.882178517548141
3.133025539065055
2.736189782934237
2.0325568349366723
4.830196357493122
2.0722861221226623
4.589060938752175
3.781148359072584
5.459781315145312
4.644262639412754
5.494079138320215
2.1463760517592303
3.601485895327546
3.8903131486618188
2.845005829249894
3.6121299528259905
3.027275054413384
3.713575885405774
1.6033788717955582
3.3692573284497156
3.3982085749570357
2.8191967528848454
3.1976109903861625
4.732349244687963
4.333651535851212
3.5691965315668392
4.190672967368732
3.110232847404052
2.415656201746719
1.615502631510223
2.7104850064376875
3.992656794854644
5.1266517322827845
4.917684999954121
3.6438408314847726
5.548072580197708
3.4463238954792135
4.938373944667353
3.235861365123885
4.578522470954926
5.550366764890727
2.8213463694719048
2.281251300853137
4.080134834910643
3.7238247214961384
3.037688127940616
1.614076968388205
3.1566505664392173
3.3034778884146405
3.221008286953276
5.0449812359102015
3.937712108328528
4.5353231698126715
5.191636686548442
4.595093854300551
3.5708082076201877
4.583073361147385
4.161421601981055
4.194981738653362
4.11870143475462
3.2279958999539713
4.117048125150353
4.134930043782511
5.348471838155911
4.729894741483292
4.985072266404362
4.669999160570288
4.861303447964115
4.021849578920843
2.997800353546735
2.6583330332725454
4.432080108259318
5.095768299252761
3.7769870312115206
2.208279867830001
4.931901140789713
3.5381723156458706
3.468410513112737
1.781552239382877
3.6411236911603835
4.578990661818869
3.2903912445829597
3.020709254354206
4.227374155595408
1.6789655495923386
3.6286543878985658
5.384508382130479
4.3617903677539065
3.2076949130288503
4.355632945173847
4.019975677263835
2.435557565930271
2.430833322919414
5.144101158796115
2.676276840822523
1.8995391100405166
4.922710362384908
3.6927910703058524
3.072832663891811
3.6460756885305323
4.546902753405046
2.274214431550391
4.212267992946101
4.4537479935993645
4.860013775713512
2.6790425347045534
4.038665322656778
2.528455513493989
3.8441786944781433
2.289451887715578
4.759070499525125
5.066871458601998
2.9185742412821143
2.4892742472519735
5.455153668223328
4.4267612530060845
4.97517048897863
1.7221378997496393
5.197573246611097
4.0898082435905465
2.86611661696427
3.3270624915696327
4.646371974004104
4.741647823723897
2.359603472725729
4.103546021351921
2.2625181100086307
5.492199324940043
3.3743062252233367
5.252580020813136
4.512991379147174
4.025039617582433
2.647936125379548
3.706369291619533
2.154478966547943
2.1523919729551735
4.46299906494264
3.0443590733337955
4.605505245946526
2.5619744156550452
4.472632569259082
4.473907705587109
2.8219835242100424
2.0255417355185656
3.1880314207485365
3.5694460013093448
1.9998968587911374
2.3470450414711435
1.821372211261922
3.9900542862201758
5.155504493487665
2.4662311638384873
1.738853743507279
4.415694377676731
4.8596422351587405
5.456486346935559
4.052715827294808
2.9697726626075855
4.951474472122623
2.072268420852489
4.370547752758506
1.980923397006546
3.1988229880695953
3.5800915256087156
3.111577092129364
2.274390315217919
2.52686925040891
4.880599989999578
3.4503032191699594
3.9197309788940395
2.447628070464638
4.459740235146133
2.9204690365890547
3.9744743499441633
5.237948251183262
5.577573635543954
1.7848717932525822
4.789770847714764
5.03035130144353
2.8782977488288224
3.132590503928471
3.9210150387053324
5.27536092388285
3.1997143733521676
5.120120675093647
4.634242112816702
2.209092318824902
5.254719681455397
1.6607242103598052
2.1807130001874993
4.25924485154675
1.8284787465555699
3.117959542696734
2.119915434107734
3.451557095413025
4.959921375018404
5.224337405396744
1.7418785612875403
1.8434070266754583
4.9624961414612905
1.771259133022446
2.69436106028538
2.069746870771346
1.9641508278283752
1.7104915588993443
4.15005205065941
4.578457071759427
4.347085506234706
4.982491087672905
4.252064753994773
3.1588077107013754
4.124252094864046
5.478379233474813
4.16641333209301
2.5723669363685207
1.8407363828398289
5.340663998960381
3.961981993176834
2.9984589704416353
4.021410998644123
3.841030384253894
3.688687091146183
1.8432185681178268
3.0129102095045392
3.2506000917582036
2.397473362435352
5.120420924914028
3.2964791095233177
4.249542661609779
4.454185797783584
4.573132241090022
4.484461163650794
4.608834006556398
2.606322776603057
5.505614706771587
2.2040390151354403
5.274589580397204
5.018275100830252
5.008657164719871
1.8112450193501357
1.964872333775598
4.852223208929288
3.476667305860752
3.0810127645517027
5.53874988891743
1.7604717411585602
3.7258602152224194
3.3733991046028287
2.1128124921147107
3.1807530511439497
4.430589619242008
5.129262436809633
1.6984788458533737
3.6980382344123566
1.9615063801410337
4.801573828620139
1.9431411177468183
1.7367732840685535
3.1369448083091545
4.5304246980252
2.85282677218979
2.12001959861219
4.778288888340687
4.8276775275807395
5.023439195090289
2.8149778930562275
3.2993214440758942
2.581559977017014
3.8287099720660245
2.9204286671589914
2.954653343836073
4.734485673638947
5.425184640160889
3.936561276947034
2.0187517204798304
4.210299730738442
3.394446871392321
5.552122228105253
4.477525980591947
4.939144426028836
4.405145040752848
3.742476023145567
5.187273567312502
4.9264682588320365
2.765303550457316
2.22812758088035
3.0814074751507796
3.684310690290343
1.989520359322515
2.9815171458234415
3.89962265684792
1.7742984742074053
4.859794706075318
4.2044681827331125
2.8546006863590545
2.793283925020674
3.010464563151282
2.901154784820572
4.594055107835013
3.6042274298850105
3.704513589199304
2.1950259958836664
5.257672009670905
2.9022917146893343
2.910257809552848
1.8753845587913323
5.517646327007183
3.5187913672370357
5.251538949136895
5.310468969989934
5.479008572713367
4.862517150926051
5.3017729007652505
5.289157294600232
4.805470712664741
2.138324864170734
3.694846889143363
3.902416052016597
5.569990111944632
4.735794199865011
4.411664866619821
4.586596147377755
3.0463110563339075
5.369254231360867
4.174003558460916
3.210298434120067
3.4582863091904343
5.51901970924293
3.7285135897261528
2.2711901434979533
2.1934199765361995
4.348968786630991
3.851102123660074
5.227225044750018
2.338401376197483
3.24443525490748
4.511840874543914
1.8004201356091518
1.996889626341941
3.7828316057120825
2.6629168663816993
2.02775038493707
2.646790273987449
4.128564350939284
3.705509747297531
1.9139870421633236
1.891245782202847
5.0025079672748065
4.172955841966379
2.293469032987244
5.047336269381339
1.6873975333678466
3.072419169545567
4.990518948038606
4.44111365102089
2.7350096231679575
5.1651259780045
3.992312004971961
5.061973276700371
5.171173496103934
3.3017763093767662
4.30240135095001
3.7779052589125213
5.3789409514911615
4.7926429713415555
4.503274001857433
4.856129498505653
5.592639809140643
2.6262447418961044
2.405454522618051
4.587131253838191
4.681330042502777
3.6571351908466787
3.548303254735855
3.2149722819281994
5.130787721576344
4.784927510567936
3.938390392827902
1.7604763374276837
5.004566377040202
3.433814710569419
2.359042112842857
2.7974171011446574
4.365337903561548
1.6220283133021725
2.0801785892803935
2.8106145475057347
5.148765420732867
4.587441757784844
5.483166902559065
3.7721149577214668
3.88787291031455
3.8055072272570984
3.702508855206867
3.7681622844823037
4.874270204507989
5.413474938805839
3.233203077398817
4.119860970409497
2.831037630215951
2.807641545860281
3.625269402390221
3.9450706344940314
3.799977867976103
5.506318812803993
2.2518849507791927
4.146657651949102
5.578124035125315
4.544541146205316
3.863634056933218
3.073452610399367
3.2085555339322975
5.346092368930341
5.181321798295182
4.2787051563957545
5.194991567447092
5.300654598773459
4.9853742779737225
3.133664770986891
3.4574585697638276
4.783630012915726
3.0905321191500623
4.597455234892822
3.5256815245340833
2.9461652215855962
3.424593150720896
2.0660378242648876
3.017987023135878
3.2607777222472523
