5.564914592398888
2.1423231054854575
2.4260169560147484
5.260484277451103
3.58694955019647
4.6690157024770595
5.477227402134476
2.541263459103125
2.1285144393495914
2.534758298396067
3.1384264991719246
4.0339963373848216
2.130162859826963
3.593863818073566
5.271465161681589
4.064067096529417
1.7040578343402015
3.984502451378528
3.556796540486899
2.8347970012615766
5.434520763757037
3.822089816712243
2.252148951913395
5.1163141934483924
4.836946491996224
4.5494861209665265
3.7841153596026795
4.416896314852859
1.9150893527018518
2.149777108559191
3.2074168891733543
2.3642665154247373
2.8656826014926655
2.766912567141423
5.375101603841195
2.434653646894928
2.8606292583483572
4.588288431218009
2.598435865138929
5.0518509042619195
4.273730752640903
4.239078010852076
2.5036687094004924
2.9766868314619317
2.249328807142449
1.6679060922967763
3.8943724256608876
1.8327319005821292
4.121751229501253
3.013678259312725
3.564428383941351
1.8452921874691448
2.5658680869627966
1.6497649379305712
5.382137830670979
2.906671531991514
4.883827396106891
2.9797140411166323
4.2559025473193195
2.1434029368289984
5.287934136883148
3.3958673964504356
2.1682198511968593
2.8478073292057373
4.196302787328159
4.512256955706949
4.741133300879866
3.2345227474769436
1.6385329547311196
5.163695438615706
3.734822324852248
4.818402109612134
5.5225107636048385
4.419738759477431
4.636344082413287
3.85891387228691
2.090381849078351
5.4158134338348765
2.285262471530143
3.6022170882888798
4.087375940944356
4.247906169710594
4.960207877529706
4.398406366949317
1.9185896673813763
2.5495218944590254
4.913022608180598
2.3050952984927373
5.383832491099098
5.426257729723066
5.185307722355247
4.571246921649021
4.9533747697967065
3.8456351270769464
4.471171208575029
3.3087090887918897
5.058659368690204
2.0146338588151385
4.1141269104931295
4.4404300853631185
4.059748435079155
1.760195209159639
2.9610012473432614
4.552063850543467
3.106070525266742
4.103056673181742
5.157914615759731
3.5853797581678424
3.0334606913547084
4.286581765139372
3.432467265014204
3.629751967066809
2.249139008983961
4.61191274537776
2.9505830547165797
4.813295742640291
5.377683090942897
1.6591356846917926
3.7213681072158113
2.7529108747973576
3.475670134345517
1.7397133103881002
3.7271725765019443
3.808381750060516
5.336359437908043
1.75320341157668
3.180261073153845
2.0800622881585005
2.9863553850652287
1.8046096629108122
2.69219878136988
5.582721001931237
2.615679945967358
4.321574234426132
4.410836129662919
5.316492274098921
5.579761889162982
4.6483254852026095
4.65038927582717
3.665044085391771
3.144287025286393
4.937590365763501
2.602535081177048
2.0639815856825776
5.526896343512615
4.8191977491539175
5.372404817477642
2.5705863769693926
4.29545557260765
3.7311201060213075
5.102576331894268
2.2502040599692332
5.072193476541446
2.2122231880026595
4.9848660811005505
4.880320495638017
3.9397307937252255
1.8050195802709266
2.224667076835236
2.978324728107246
2.7647624559913
2.7736969746053943
3.5794365102882795
3.2146331608504948
3.3240225072941487
2.2801418662373063
4.753360341213904
3.874411023962539
3.3675554789855435
2.9653846362049965
1.637270961660394
4.4864989721898
5.2396241172161515
4.256836116861928
4.251346319276623
2.630395589687882
4.048851024736601
1.8809842690490859
5.34431182217238
2.7148288533028375
4.920577567035959
3.7181184998112573
1.853147860135488
4.157560388964468
3.918747821749856
5.3666152567840575
4.128516644139914
3.7736914993836184
3.1387949870453467
3.338550194077448
2.845591082720841
1.6545404681177032
4.714124864067074
4.879003850159593
2.7217631085590708
2.6327630501350896
3.7090610192584945
2.8717204389003017
2.969055336415418
4.422290771680785
3.326785593972022
2.166828961513687
1.6237102732078048
3.645365457395703
4.73859789553665
4.4055636562020535
4.726111732819234
3.1365782487673015
3.4565222903943105
1.7454766560077264
5.249716359723699
4.146661365453407
4.7939080299176275
4.640943420776787
5.199257201424004
3.048889718326774
5.526204023997707
2.234066423185407
2.3780376860769987
3.017892713183616
4.400356492310456
1.6765658834850568
4.541032804524733
3.8862351206467824
2.5683186791680055
2.3405664606375995
4.632298771336576
3.279927828250066
3.89256228948175
2.54693427515138
4.455263395597162
5.0550509902506775
5.17983704825711
4.8412463040647555
2.001686547935135
2.353117655649364
3.361983332740047
1.8609193303580955
3.3069881449564975
3.17896902979585
2.6874109939541095
3.348866286331036
4.630918680831172
3.0246525350120366
2.9110481229612004
2.828076488677691
3.570072299568936
4.650107307748737
2.4111508715853813
3.1915938432998963
3.3424477569892024
4.141492689420058
4.292305785097536
4.38839659333666
4.890195287418879
3.9307568867597875
3.018332333262334
3.875154564583703
3.8576611551787723
2.713399098161335
4.888020760545173
3.192370822242645
5.283681354573153
2.141359932469912
1.9259281386709017
5.059794978720959
3.044085478916562
1.8774931845299414
4.469150850498995
4.285585365909992
3.4844089818930675
2.8581289687196185
4.965459765346704
5.418033127346565
1.7015579496264763
3.1705944867511806
2.1010825688932067
5.571260600231034
4.142286404224712
3.225667144980708
2.168527805675958
2.189958053952554
5.066436305823858
3.645968057508713
2.2516471840555212
5.171317229686861
5.242482920911695
4.421252156552475
4.46509492290224
4.494297005138211
4.5192358500885925
3.6784325612625843
4.893972538559044
4.364754079107875
4.389265770650547
3.1490583166384303
2.320885555288146
4.800586157616477
4.851997681939574
1.9229176866947588
2.2977014187961458
2.6623337984563262
4.800802482991353
2.911752638232876
4.434690876420795
4.729318125821515
3.6697440187786605
3.4259154259724327
5.239987056112243
4.626689198618006
3.395299874327376
2.2112764787257055
4.130176418587647
2.307864035414149
3.648889638000598
5.183878688743469
2.864320815140013
5.386974730242587
2.3715480818867665
4.7640748219653215
4.043570680580178
4.849071283896874
3.689051191788605
4.438123033453998
5.250674899077633
2.1395050190831886
4.686083488342765
1.8286581857038375
1.9296661621509266
3.6706827146823047
1.6098419729757931
4.699460186957928
2.015925336710603
4.030163453588489
3.881096769916434
2.943229586884672
3.112261793386918
3.048219567157228
4.965250434322975
4.146273473466836
2.1444339310196496
5.302072978696987
2.3303970972822134
2.100399590110803
2.951557817636088
4.029911798040356
1.7765580300639954
4.181571819246987
4.395367816426005
4.787065702364295
5.246687568790644
4.001795082317312
4.777795163135222
2.2726455199087745
5.2735982249734565
5.307434626740867
3.232904441774082
3.362826691716322
4.016567322666685
4.080541162385574
2.6233127973174355
2.8389714289526857
4.996368020885155
3.414551633960804
2.32266510220434
3.4149162173987713
2.6565975961236186
5.3971405502456085
1.8563709723236963
1.9852208889533767
1.7047466799850572
1.6853484921779298
3.2150532548431703
4.3622877852152095
5.1879968706860105
2.8912130789898587
4.763022951902528
4.584046067943066
4.379390051842669
3.5061303162709008
5.031906522861835
3.7424547392758454
3.207732647381109
4.734855593992708
5.3018787939024765
1.7111864938735173
3.663460114470662
4.9463995106987095
1.920369760203747
3.034198527191497
1.9939436516577769
5.472585446627965
2.2170873912887537
3.666388625667457
4.8189720358574775
5.439322329664346
1.6029060356821536
2.950764219667332
5.377656035074004
4.383907268848528
2.2422330491129836
4.717302206780597
2.235900903943778
4.319348169642133
5.372614505258092
5.336561942837114
2.9130819781303208
1.6953924203788278
5.434319379565144
4.103351052953118
3.192417181854503
2.5057023000803733
4.142687066840422
2.914276342690488
5.464898301308958
3.0083286889207406
2.2544854008657857
3.282991101232135
3.05314576853847
3.861523101866182
3.1460401941811584
4.6830376450260776
2.248563412734908
3.934605962206039
4.347760307488073
4.47386839990574
2.2878491640055643
2.1955152517411034
1.7006644315745079
2.893293878736733
1.61478719825095
1.7888211899137278
5.302228758093786
3.8920050505243
2.1907787912584906
2.212608363437382
4.747396486397813
4.750811672998715
3.2749490033466806
3.872175309470131
4.345724598554472
4.444820924042425
5.290146956975187
3.0561070355848208
2.4666514019175847
3.2015507898643087
2.1191905023979687
3.8644356387460665
3.002371465148052
1.986227054343853
5.182817269445518
2.5825817188958515
3.127037180216118
5.265349346245457
2.5602188958306527
3.524732160480595
5.281672143381112
1.87607073889918
2.6094748436798922
2.7035009588313006
3.706343787068028
3.7693602210798005
4.016133123982089
4.718378921584806
5.107006324440751
2.705127395400527
4.043866232680387
5.069332152547577
3.1631025422846974
4.104408750136498
3.7378879808676064
5.010250456592967
2.1768289480649177
3.1697175570367486
4.670977074535181
4.524009855694498
5.505960094723348
3.33182648195518
2.019275007045124
3.4427454711253724
3.447950344126792
2.2784351569561894
3.4974362734286832
2.236037277883436
5.273648953319733
5.058365120998316
4.647323629366245
2.0500626007750005
3.0731299086040496
2.170773381847286
3.0304851819912058
3.4907133230647363
3.6748691187331284
1.8156209705976543
5.1085546957653065
2.6305293553143083
4.493825906028782
2.89868475484975
3.1204538892037577
1.7658500519725804
3.8057403156522915
1.73960369474359
3.242187722595595
3.100649533506509
2.4326992197894355
2.1366507808016566
2.041195774469635
3.027854811124743
1.7249032744937374
3.9067847609042348
3.4540772818377268
4.167578754149968
4.428142484451042
1.9113000624714793
3.301711611298118
4.504839740810298
2.1532029917607605
2.2118727984268634
2.2578861543014495
1.718890032926307
2.14222446140595
3.5721683668188486
5.199433060940265
4.093402503009983
2.752157953871701
4.772901014541748
4.336770454599782
4.810247038685992
5.256514461475927
4.952366400029302
4.693682434058731
2.6470740467076634
2.2332787675402646
4.111904940055653
5.474129096620972
3.7325256435620044
2.1783219907333646
3.1045558805627853
4.559196857922645
3.821915403164695
2.538145842566886
5.2592956779187805
3.114266352251952
3.161060278079282
3.4850930783613445
2.8246340800713132
3.240404760714054
3.225194424776497
1.990851100785644
5.492875765383674
2.1905848444973612
3.9339682100853577
4.1362054617542
5.524120841489376
5.125952414188382
2.027255740667778
4.717129196147798
4.39228270664573
3.983143533596399
4.012526279143131
3.653808275198488
2.6667171385450135
4.527678543755565
2.274549054379902
1.9415080545350238
1.7440843048836547
2.0615940419558174
3.048666090290664
4.48985352160647
2.873414704446171
4.303898413557665
3.0763781304434805
4.38672186296831
4.266169210867031
4.84835097121384
2.514862660251015
2.2361883152021473
3.806523592091852
5.178708531794942
4.722079964171888
3.6319683826212454
5.143767338037532
1.703126073702793
4.172846050547545
2.2672606432038207
5.574940285597429
3.2356054725722743
4.242594850304224
3.3527417453566652
4.334676253945151
2.6565103000750865
3.9497530559977028
5.278637009507955
2.285339954053754
3.3638507951778855
1.8146115576105424
3.100192431494112
4.809374847614616
4.176228695756656
3.220753059820176
2.5323822112916443
5.093665559754514
1.7564241492731352
4.080011734420234
2.674767375980618
3.630000909873246
3.8031687988337146
3.1763632796012984
2.661227803856682
2.519082568317669
3.0572887766224066
2.809814484482385
4.035434723842264
5.267222206104957
3.4276837786687597
5.449670352592824
3.512447613276363
3.8644810662579965
3.2399296091836813
1.9689656336762478
3.5291677245393043
4.857888201203144
2.7867747348866225
3.037851423378684
1.976594905216499
4.233749212743686
1.8268339938818832
4.262183080220485
3.9459797072030534
2.3940118016915104
1.7322542983900346
3.217412762590561
4.399149565557849
4.006891032765666
4.456469860387504
2.0281780997287964
3.4918481933935226
2.98912218435721
4.720097766609354
5.090342411325352
4.3429558338267995
2.56675626118929
3.590964199262465
5.536952898248895
2.697827381629233
1.635888269413424
3.0194605930717024
5.419622442393853
5.3060668272039795
1.9666639649123487
2.8190625540514866
3.2891727514939597
4.5558628907054395
5.454288499986004
5.042926995700131
2.181907070625688
2.751610968586571
2.3972464782711285
4.704974701437936
4.240019592060879
4.726277248834609
2.731594371328946
4.049665937702928
4.924609690265539
2.0778393030522064
3.020235916979701
5.074601968257685
2.5145900504643266
4.437201844869209
4.128637913342158
3.0350046644187647
2.709647403932034
5.490798282649459
4.669295935818425
4.4574778733568365
2.7324218471799684
2.0211545133509485
5.214395388703327
2.0825101329680398
2.217064575672613
5.331526233063103
4.57328717073622
5.318605666037671
2.952382466176307
2.5147876235835214
4.324421303984719
5.501243400237469
3.4592738066176927
3.4471030884993468
5.343041902084156
5.595457904514495
4.913996869864807
2.482621546853455
3.1971528441376145
2.844822218617143
2.530625865296243
3.6716726685739083
1.6065650371281883
3.48706431737975
3.1770736304217144
5.399192524772231
4.8830648710603235
3.3254048581173934
1.7945185832793311
4.685465104592918
3.2260113445960936
2.653850626954485
4.501719818318235
2.31428636053527
2.3232929407719007
4.394594268922644
1.71305013995569
5.411543257346567
1.6323696846566156
3.738307809964023
2.118624458208425
4.886022442717716
4.023515347687763
5.249937903862175
1.9262574893552422
3.4643617390902492
4.991064286276554
3.680882784621061
4.085584969702623
3.2608157177799555
3.7477271967272543
5.303919417688278
2.5077988841629435
3.2617000216820564
3.4987396302038953
1.6014793704692583
2.440414416231056
5.5042631317778845
1.7647816483903225
5.418147726932695
1.714211070025283
2.9882749886468902
3.0698644526922134
2.9493019544237575
3.415649021886202
2.137513989088009
3.668123313547699
2.606873099362524
2.0130279038799377
2.013949348714087
1.6965269712314215
2.167588914061112
4.688445861901386
2.143617230025201
2.4283551804177717
5.5034850198038585
2.8781477034585494
3.2846886428598214
3.601480553160359
3.838392803237751
4.372503373356478
3.498443851606465
3.6359875229974676
3.3907619914352654
2.3147042588860574
3.7910988193695343
2.1155270521705662
2.617737727678787
1.9141995836789292
3.621759251820842
4.880357117115732
5.053089095162205
3.4152067735335265
3.0041946077511175
4.70088023349885
3.2411275274728437
3.3879944063250305
5.152109569490152
3.80985530033291
5.43430030239246
4.70104410189626
2.495934028312234
2.56423790613463
3.5089279912440667
2.1639695891219226
3.363635554418602
3.039908523955749
3.5447416245772554
5.327481392906472
2.19523311164585
4.926319292854672
4.337997653709547
2.350427135822269
5.331077775889781
4.1236137709964185
2.091023747509636
1.8359877274962493
2.971243567367932
2.937761428059211
4.087143927966487
2.241420357398637
5.20014234389665
3.1611953937345953
2.3505276325782902
3.584398430348982
2.2700443741945553
1.7885335679962213
5.392429888303745
4.688651000295117
2.955855074157331
4.639360215726034
4.919226429489614
2.3505726433970637
2.912205975747215
3.676841679903404
3.7711114559345416
5.005257063939737
3.930777419627956
2.2085935423833605
4.354938859274349
3.5737773805515207
4.252812617145071
5.315225643318211
3.9922550809794473
1.7316278947284371
3.551031890659039
4.015873969898397
2.870749853724811
4.524401795756566
1.602057583437622
1.8490589956691696
2.571398903227427
5.096626009768369
4.039890927791539
4.243324902192365
2.0362167972907237
5.462611346162589
3.662887383268102
5.2984270705499625
4.136262362848742
2.7455697979155658
4.332099453751728
3.573718842430325
2.3685847927096866
3.0905529188325542
4.9729515181938995
4.4700235616608355
3.1632710587650195
5.560096408821134
2.8701082779763936
5.567396839516515
1.8692928655917878
2.479096709315606
2.0531871006382407
2.223080788667358
5.345608430923701
5.402842273231715
4.431016556638353
2.440079930189949
3.07150524569203
1.7864124840878879
3.224552554110369
1.9502730981676235
3.249348425432259
3.8784467599960704
4.762885767561171
3.763375562741395
4.133514052752874
5.442753082396118
4.275054643642352
3.72335865625646
5.2257152405294445
2.834527569417637
3.7756594043136285
1.8641811096156702
4.0193857005248725
4.521925082586316
4.609147763707922
2.415826100687487
4.068053810513076
3.040046021702399
1.9348529262847425
1.6929396679211473
4.833978457424662
4.055459236144199
5.062233037587665
3.951581986653968
5.433352610845837
3.070047597687825
3.463007374357967
2.040741973922172
3.388611748172556
5.112125189257296
5.524019790277735
3.1308694953936724
4.583914569223319
5.309601382606416
2.5132260329765916
3.960924937244719
5.342356481819665
1.7760382698412296
2.8621447034759955
3.9367209602464035
3.540159799554894
5.420874750407015
3.7092562520337293
3.338797256929791
3.142125664030385
5.088659054764863
2.066391874380384
4.028620268834049
5.342783306900746
2.134318559218579
2.166963490401483
1.7244885658891769
4.421995688371974
2.5915205845770366
4.117282166242426
2.6566639418690463
2.0617181224769676
2.766518401317024
4.064708083959818
4.1486311372978575
4.580218435063827
3.7668730241632784
1.838422374091897
3.6615678892205885
1.6558150160736838
5.232146701081239
4.878007865606346
4.148622961729022
2.631431893455417
2.150672571183531
5.583078300808429
1.9972907547192493
3.844961333800962
5.421226530988715
4.63133556448414
2.6060933104307713
2.016762516519456
1.9003284293779181
5.595971041506539
2.1130466069362286
1.7386363661356525
4.962546556648531
2.4935665293729543
1.9872635232743443
4.945353117805429
2.467861121760471
2.30876409690631
4.253449057396387
2.5206151485154824
2.405620867275625
4.393528579035248
3.355937318456648
2.2318463465325515
4.483035897398981
5.178342507735907
5.495359307524641
3.7891100958666497
2.403170985462311
3.462919802314616
2.854940807331417
2.113857432509071
3.8443917293684007
4.704742371129669
1.6018262589955925
4.241148144582862
2.9123257252085426
5.0889110537285145
4.728154872361964
2.8930726419421737
1.9382765535030626
1.6564805654407926
4.8133943770724175
2.2659303221659304
2.7012220078422593
2.4056345436784774
3.8186905844910206
5.060271580490159
1.955633897024926
3.610916487333235
4.925936091219659
2.0908326292148964
3.974282359463803
3.451834207675078
2.8965224139134453
2.7862676811528195
4.113296676783451
4.294524905047802
2.746929235200433
1.691621155604647
1.6328837227354458
4.982643439450668
1.90469494673214
5.503358807003773
2.852454290298351
5.510830454464138
4.213967239237951
2.7497375681529332
4.733111587418974
2.595250876230407
5.153281745085622
3.666420350671363
2.6382874189957857
