3.4365269276426735
2.677117909765685
3.7919852378649956
5.428465125840908
1.6228365178015718
4.73462093046156
4.881943647701927
5.1447183233040334
4.562013647332785
4.836559603489919
3.6747131340920083
3.845431459113516
3.304362718752601
1.8244931900829617
5.080040620706559
3.879997335505521
2.3993576807085724
3.6188818697154534
3.5397004489109367
3.027159858179823
2.9843116760726196
3.7539151829513773
4.093957811190021
4.049809859130903
3.4325872003988978
1.7118999363353695
2.5184201251080958
2.308845035754331
3.9378434831137654
5.0440354434133
4.793755762309704
4.788390250541985
4.865749482242764
2.621176160349224
4.966979329096384
4.292454101754828
1.9329365512155916
1.6667625204622385
1.6582398996992493
4.622347101008793
2.5982369026136913
2.0379545091774376
4.099208336609905
2.9776914563859798
1.8780615141233894
2.23850209877539
3.7095215961920514
2.272579784889713
2.6916577472747205
4.446359708741092
3.4188065201826556
2.8880070655493038
3.4950840566811157
1.6945383105279483
3.1462284190458796
3.2836747168363036
2.3521572190052518
2.0350467697816534
5.199274001424081
3.6404639237147056
2.4363639702070805
4.022594560136066
4.868158673511548
1.6832724340371494
1.6714580833111814
2.185846961597384
4.47534189104716
2.2409103705188187
4.418422511408011
4.31270318110779
3.778808654315618
2.4823989920907064
5.502378071271534
4.791243430824604
3.666398067797572
2.492783120986683
4.194025672397025
3.1795920394331985
3.9033838511522267
2.884983237380501
4.123791445085388
1.8351404648259653
2.7944237984920535
5.471613240603556
5.102136976940637
2.825546481332984
5.034057625426238
2.8414545094125363
5.35715372854113
4.575368474668485
3.264689051060102
2.6094324091193415
1.6339210498546755
5.114871592835387
1.7516661223943224
4.877656442451189
5.448804500723272
3.881122280980721
2.2860683807108746
5.0711242577399736
