4.18019133126641
5.575166694860959
2.7300274290331368
3.245746694268005
5.358504474716412
5.30715769986417
3.671458739289664
4.011077428757108
3.924237892262918
3.410089060721111
2.1237747283672497
3.3767332370957033
2.1613073274491565
4.690036540525547
5.498209219067432
2.6109750818212154
1.6384232698241177
3.2967120091955446
4.24619334238495
1.744999157439564
3.283472257916298
2.7262199263728584
4.23596817539127
4.6040536126397935
1.6733228593691556
1.9619074203122748
1.9601253284914364
1.619273441535717
2.675500829945941
2.6878304480286688
4.726159381050856
4.14334669558298
5.009020795864474
4.674540923134723
3.1538352863832797
4.814120212689324
3.5348964796810374
2.1787809912918337
2.1930412417102922
5.580018591048537
4.856210543520243
3.0710637884701497
2.1084748145811893
4.7446281161053445
5.3985179721631615
3.251644714412707
5.35621779304112
2.7491077166652613
3.28301527772309
2.6947003791780078
2.9436136477290895
5.255882432633463
2.4618571077425795
4.9184839633517425
5.3973856321422655
3.207618353253005
3.3004903880172143
1.8577647605380454
2.424558495477283
2.1984133550294747
4.520661867443801
2.013060046828501
2.222851296656938
4.698815111880558
1.9958094536998838
4.198641327724028
2.349739969800786
1.6119840231288078
3.310744130965827
5.419265097254049
1.8034896775959721
2.4731087009455615
3.2875169082493345
1.7881391688020645
4.206359331893898
5.304156550859506
4.538083605552728
4.316271383155263
4.93963762735266
4.564483711679179
5.5805027325551
4.338217660151523
2.3161668682012837
4.820482194223488
4.41665256195806
1.7907004948384655
2.4568792842867024
4.177087285733007
5.065588551453265
2.0951532682389504
3.3891716746761733
4.327837458485913
3.5918455155217157
3.172330806140811
4.0244450883232545
3.5167632194110654
2.196534084867371
4.054543915551585
4.4095529139399545
2.2684937036258765
2.6304381673516044
4.572708221910813
5.340597009422323
3.7468624558625385
5.075723877324955
4.134649279564773
4.840810052895417
5.252160799939183
4.754846661080787
4.094226942571678
5.044192036568354
2.0114376905131905
4.631104594140263
4.517129893817971
2.9875143803898347
5.140639727374472
4.435202701912334
1.8257551115911
4.101807494171
2.7994568037943606
5.216770381998589
2.0030345448422477
3.6320551477242904
2.681350645609544
2.5853973809374287
2.193347344702528
2.6252646266016537
3.230871461655179
4.1201041578797835
5.21398309350227
1.8337196032041296
4.93778341439309
3.637462566758834
5.383456367665586
2.6806488478121544
3.5205878286189685
2.823188199611224
3.5653058413982484
3.5950326194669127
3.996026833967836
2.5666500788448743
2.3046351911345764
4.635667097008337
4.556827666756817
3.922188040440421
3.4044545511830813
2.1977181809592925
3.615785763442714
3.713925984207015
2.1402693940718254
4.645632744191712
5.555472734317438
2.452723190646361
4.090190669707378
3.5216278293741228
2.073628345964022
5.149018834236774
4.393394990458174
2.500111320258044
4.1410505693800905
4.9161081881202
1.8001240421257196
2.288334664248429
2.0645499356462955
3.8530413925470217
3.6120671262614383
4.239618214496541
2.8314526564557716
2.9105638326477004
4.6951567000166055
4.8868958504588775
4.888832265596814
2.4810658778120707
4.572202605739545
2.720690276643352
4.102609818726538
5.044891045721554
2.676297062669366
4.475061229420597
3.117106146309518
2.086625442797971
2.9880929392409676
2.0536023214704295
5.194438605605989
2.1731161737800413
3.8960328173942247
2.988006689470265
1.9672804154434567
5.595113614297202
2.799944654614329
2.5958088478248604
3.7185078933765445
3.0470273265591254
1.9132709604214067
5.303047317246413
3.088228795936874
4.480204398583714
4.365208966793448
1.9754451179398353
2.9152863464842196
1.6318513964187504
5.1527684188433795
5.435805593391386
2.0488484070409094
5.293329060183847
4.763944084679871
4.4966508163012735
2.1035996915745843
5.308938803386241
2.6843192757714682
1.9642920458019582
3.9065760618638143
4.501497230760267
3.502342395914792
3.274884335272371
5.335589635186515
2.8043808370327765
2.4775701115348756
2.810685776147934
2.132495708880992
4.0003656658091575
2.039473902438483
2.5623259668059113
5.188927430946
2.6979755087481982
1.6799444392446317
3.7553317687193863
5.37933456093509
2.646979530848088
2.104292976954206
4.43549109410505
4.57966305534475
1.8762991384989398
5.509889297014443
3.052569798968813
3.821948142165485
4.817843077277036
3.6294194425520074
3.923291183424403
4.0761826785840976
3.381947931123147
2.1288446294001573
1.897387597366364
3.917133192477421
4.306473823759599
4.9073749308666095
3.536285938071899
4.803978384978464
4.669525788291237
3.0603645768342127
2.769372682564491
2.222418309721634
4.780462997607426
4.932520766249823
3.2225602661925485
5.506819689303793
2.1805742224978153
2.7811697085761815
4.347819864731667
4.15548827659142
5.412445461993957
3.749117080936886
1.6387935018444408
4.860906298248032
2.1303095394225817
4.587954394874387
5.369167091930272
2.0045723813631775
1.7214648121362401
3.327815586285558
4.316997218795992
2.704251144335465
3.0805764677652987
3.224535221033666
3.4479508177421776
1.9967466494668682
4.716558970135875
4.184332069877769
4.38945878149838
4.848750717701481
4.92706055376308
3.949565271722522
3.7217758806967245
4.652811663040173
3.804116739955643
4.731705253828276
3.8728959294855567
5.474416370834778
3.025672078194826
3.4956557756575455
4.389889015113516
5.310140252360286
4.087168825859178
2.022161715100901
5.40787397497049
5.087987344225025
2.0656128816859254
1.7623141144615908
4.416217402031974
3.2895783507753174
4.509108947105887
2.613963242100339
4.103093749159264
5.193450926902018
5.262333072890854
4.067809392061015
3.259741144666173
3.0349768845418628
4.615627855543361
2.964943904907113
4.792767342902431
2.552239681331251
4.038583091467493
2.1774939076909785
2.9659887216399685
2.0540061620290007
3.652173619633896
3.772135670266879
4.1036189701390064
5.1776678127343825
4.629900482607685
2.0859286539315867
3.9311239785452092
3.5210239022167253
2.4368565852415154
4.126410038287888
5.4123769514176665
3.188978341716277
2.5112176626830247
2.5934155743005918
5.4994988492104016
2.916193957823977
2.5806891317523646
4.307190080323977
4.5719442865600275
3.078199466843162
4.205713926945784
4.252711263991886
5.347076129727605
3.3279648018063424
3.1954318506128763
2.0816410115786983
3.5531108119121475
2.665826828472232
2.100859294828213
1.6477692894971585
3.2584681304983047
4.796036578006262
4.20960647686082
5.365398805825875
3.435188739480888
3.1080698629385655
3.6081599592528035
4.859770670190555
5.271833519801826
2.2171546272069294
3.698413700640944
2.022940491043987
2.6183532839652024
3.4577251254483303
4.8434854994356105
4.418729899408655
4.771752331037838
2.5134664397755797
4.3820314583418485
5.56660107390058
3.7764941455085053
2.597897475426135
3.2918809088243974
2.235619570680514
2.316210882141455
4.249613298152395
1.9042292825883531
3.745434169037025
3.8314262378312973
2.2437938265683464
3.1027330096171126
1.6862927887772998
2.4674519189424866
2.542651533913633
1.7618224661285393
3.662648198742414
2.360957142719801
3.6161176231686625
4.047468955920836
5.592838190101206
1.9088832273458154
3.192652433499009
3.4597877657143306
3.8680505109992076
1.7933898743089234
1.958741359709577
1.9783637178372246
4.860012968746529
1.779918079915467
3.6739091408012223
4.709422684078465
1.68340430126363
5.037132695675126
3.4657173597238233
4.491749603019924
2.266792470066748
2.13280556160553
3.8466602238275014
4.906894192645556
4.682397357663163
4.146009017487928
5.568326911377523
4.812178451347595
3.8152794649487096
4.3955277381981634
4.394180136593851
4.833504748365861
3.581576198843678
2.713722931146351
5.312737505182218
2.6378106405399535
2.7179531468404354
2.300629317181142
4.483832622231253
1.9346539357613923
3.0420943956409268
5.313450346669896
2.6338738636675374
2.609096632878591
3.1370495700578025
3.86187433206324
1.6538727089474299
5.415422449417763
5.4352523223377425
2.5036615847499277
1.8818389177829213
3.9173830669390206
4.073706161928511
3.7720481344824166
4.464439453837739
2.559314035702114
2.1567716525171474
3.442015337685289
4.446110707397384
1.93027880267516
5.338980235968513
2.2123228903469427
4.269188709781314
1.7210426612599883
3.2215500051566703
3.269016381574018
2.1498187718095005
3.9876162805907627
4.290753177955809
3.7853984020402294
5.309855831897805
4.999678122450975
2.1577082421085585
2.4096469539928242
4.475630437935433
3.1887046264666767
4.5962327730237575
2.3132134504645867
2.7913649055162337
2.1752081974661457
3.568489484052757
2.767076083677511
3.657138676266468
2.7957404973755815
4.421519925101183
1.687607481786483
4.802162796562998
4.088281357067666
2.012156540607957
3.0905294702872204
3.3743720190196203
4.073439695186858
1.8082579382823516
4.725012854206716
2.2396074835142827
2.129475598235113
5.293293411409594
4.887517550685763
2.0500708834525088
3.341170007986668
3.9459979369014264
4.578675043817521
3.616937420002261
3.187289187954838
5.2485644848948745
5.54281335794515
2.4486994153047257
5.388877975458518
4.24341324338887
3.6697813670025696
4.855571625120939
3.913394077259422
4.5002718032488715
4.470842400815828
4.834473890112163
5.544587134222545
3.8508510463848697
4.252203782857377
3.7799863163704224
2.5226725479263177
1.7508320760260099
2.271098460899947
4.282390806715761
3.817473790134991
2.5324695126797594
3.24177235864853
2.6947597852020087
4.24652801815247
3.1941846451753317
3.5759036927739345
4.277140946120823
4.935162643480302
2.3466089892242223
1.6634856359341952
4.615152455712748
3.5538225297432473
3.175762564626234
4.520493499596704
4.8893829919217415
2.944999549030482
2.573926904619561
1.9084541463290692
4.584382183631008
4.985613483866053
4.935053457074611
2.355164353754304
2.2928841351067275
3.6079999622702776
4.989389798335651
3.1392146564075016
3.0421857654176527
2.5308741497913405
4.234539481326777
3.9442266279897367
4.628576367404053
5.538170345559761
2.9641485245787105
1.8071939545410705
1.7767991731779587
4.042438428902026
5.165110002389092
5.015185329516598
5.354125007555587
3.4766244960741823
3.933290264041668
1.8595017549564972
5.063867599829973
3.8617392956107746
1.9679398594222488
3.1997769473990854
3.6468770516534406
3.8897641851337834
2.8051947532409827
2.6716705294164935
3.0087661346980696
5.444093767840927
1.7963366732654293
5.390603962834401
5.0870645546065685
1.6697026081925865
2.8184237417185996
4.595786527315093
4.78088117687099
3.98451157776512
3.8229857698369893
5.587527497940547
1.8634673674411002
4.028606086585789
4.76348984168994
3.043925482485598
3.164061969481603
3.6793393489980173
1.694521658886933
3.926931390568911
1.7477495602910365
3.7181973521227003
2.0036901862087455
2.928180650970258
5.331534313212182
4.601144574608897
1.73784613124919
3.0806311602213103
1.8966511692084436
5.184899235795594
1.9350453629238085
3.7583527459564623
2.937931409480553
5.2764177921517765
3.7763401628555675
5.2903772103998215
5.2394285060474255
3.043404949126762
2.184574308872519
3.9208150013749665
3.9583389552797903
3.215905979788332
5.067178121466659
3.2834359711849945
3.040129041542145
2.9656647757252954
2.639095002676177
3.07393894307619
4.443776466353669
4.67019706460047
2.586593211289713
4.76171214775778
4.618390952623457
3.1881954297538786
2.7354235879710673
4.7433256452864985
1.9339220307741818
4.434412520241384
5.21759811449624
5.409589423754669
3.255192198851497
2.10510389454451
3.803340969268864
4.164438976729171
2.539406103211095
1.9953033470251977
4.486818035853553
1.7884664814933862
3.648593470493643
4.7495985649081955
4.843176638361287
2.415632755220424
3.7746652744747826
3.802850887640076
2.958661559992605
2.7841849940831778
3.664695898689428
1.7410067511267764
4.8565244544727335
4.796225099190165
1.7491536208602678
5.5571311865889115
3.2699839159780617
2.2552481617590834
3.8280027878471117
4.427514099727674
4.408249731767432
4.117719682243969
3.703457046287639
2.3374829939916633
5.212739449662738
2.531356105648357
3.9497670927657333
5.4951210852481065
3.6249618924391416
4.486179604130888
3.4333334981292976
4.725635416963508
3.045225803923108
3.4244902293361834
5.308236156821721
4.05798357496363
3.0187204903295406
5.302456353084644
4.141599393169642
1.6557995731131676
3.554966277845632
2.2575580314789216
5.194740645645773
1.7594706180446673
2.5203580845806544
5.149476238627857
3.6972143357123834
2.293262339684497
5.3834024288701325
2.4010081413220457
3.371959224008443
2.572081854655874
3.6235742143207186
2.8995965895646827
5.377793844146445
1.8939138172638827
3.9772801512927183
2.3501051629899146
4.092232808380212
5.421677951006746
3.925043303556445
4.054652770579491
3.0539093680134486
3.5493602818446015
5.3201409967174484
4.236632788945082
3.9118554253740134
4.079064969783948
4.983688045515699
4.909260121216493
3.928788350331847
2.9555616162437777
4.187708783751292
2.3811741739995576
3.6568865479297585
3.5773457930083152
4.967926145558742
4.031782739270162
4.241733662795006
5.359351119431709
5.020492395091251
3.99986943246399
4.553531580439397
5.2208695428717675
4.672025908531968
4.0148913166277085
2.2615042636418132
2.673069652188905
4.877603641881079
2.8060861755444555
4.659773945978404
3.185697579603851
3.758840246771288
2.621541098065472
1.658670330184846
4.629492767031434
4.72766186766554
3.430148365852441
3.0221487710518775
3.6319390131281626
2.4365904897303756
3.503997329637521
2.9423657028756502
5.5539952762672415
2.1793405885665105
5.049321670453526
1.8170008910282531
2.0448887811994516
5.086122452761867
5.262051767354924
2.623217313033867
3.7644284648313153
1.816119477344753
3.1149501268553967
2.8979115944552056
2.8352937933559956
5.111845999567123
4.896124752472824
1.7989660027194962
4.466347613386418
2.9145644104446804
4.285927509935149
4.883987600965401
1.865081290255929
4.724207874857344
2.7771548378311945
3.2386440279316027
2.9631205032042294
1.7088264871355747
4.176204320804875
4.358555566757448
4.622112481779395
4.6270636827997755
4.5993611447227885
4.163072483712054
2.810060813836799
3.1120628005396296
5.308557949256963
5.49217631403932
4.842731149979402
5.031696089333461
5.361112159460465
3.2308366339655286
2.5264278593021054
1.7688934152582223
2.563033396892248
2.498218728408072
4.452600794872023
3.117441875044954
4.087495724915959
4.480347042963274
2.7970184369031816
4.475121053431549
3.0403931200940377
4.450669852032393
4.349724516488971
3.3770881503197767
2.2835056446567603
2.1855456897970105
5.568273382507542
3.3479696140854203
2.967574390005416
4.804772219455448
3.558779076265789
5.356222474687121
2.0460693771723486
4.183283403286003
4.841603569628349
4.250680997256126
3.3181346121815736
4.96795187922494
4.609016218377079
4.154813638087846
2.0598639756783514
2.482270868725238
4.022515205976564
4.173345802705823
5.493848776508701
5.307654603263079
3.347093480012881
4.7376784512566665
1.816841164305413
3.987678936577711
3.6567019436159254
2.252255419782547
2.7682288921636644
1.7933003061563797
5.137116529593046
2.472982591485113
4.289746083670774
3.2917649129548794
4.463261397258085
1.6841569026162206
1.820053941278526
1.7395021241291357
2.9565195003959945
4.740596777759132
4.046073174738861
3.836116206984501
3.4758343815836246
2.6650505809594134
3.9268424436648415
3.686065925698867
5.15516473154773
2.3307005289420144
3.1658105280101605
1.8390857111987868
5.480776451686923
4.402203221697611
1.741387532097249
2.9067449750530767
2.078990048646666
3.850185703785653
3.622453595404001
1.9747075427021787
2.3394051020851676
2.4995719902673246
2.816742006113904
4.824147918754226
1.8351860640901458
2.8554362975970475
4.505903343746031
1.851275743036699
3.37270061224868
2.52375251779279
4.590444787926478
5.447138027677633
1.8332449731093705
1.9570657206333206
2.4009173212485626
2.5112318058242464
2.340448895668804
1.8297970414867342
1.8161793037105478
4.513450929997418
1.9496937439631035
4.745110571728942
4.569798035020726
5.353584512654287
4.4561939672268895
3.708831656659962
5.084565772075642
4.4903630385477245
4.495739980094647
4.659853172147237
2.9030615851260477
3.02895091933801
4.657788100073105
5.289595420943378
5.069001967176265
3.1297966559090917
4.315635460213823
1.9575142748979895
5.3269388808159555
4.928053797191443
3.55738455287697
2.9748202893384974
2.3144831003226787
4.196522930676885
2.5588684163173636
4.6916665136079345
3.34636956708032
2.7076753894170786
2.815245929979307
5.486260716044095
2.940152345739337
4.926366793231504
3.2370270686251503
3.057472930904748
2.863562869907911
5.432409485319715
3.64495009830923
3.081154594640274
2.8097097685341734
2.8088511457090126
2.1070292315366674
3.7941164645968617
4.507347713395809
2.2677238481546618
4.179578775981193
2.2089489500281525
2.244459100952412
4.850620681406209
2.6155321727820744
3.0238103820400655
2.860850822077486
2.7091297225923885
3.4922624680322505
1.9090509601938366
2.216077171265073
3.0130472208961234
3.3987183903568217
2.029694349908603
2.223227229252933
2.863370754396551
4.3404297347900105
3.5183248440804036
1.739892369065509
1.7874926306649002
5.420072507609833
4.197888569712555
4.541503017022158
3.0643328043146725
5.3375718614553875
3.021208437025401
5.005254506521409
3.6144100376081942
4.8410089870048605
3.098114357652577
4.216763237727141
2.338536445753599
3.1018000910469983
5.508237614360003
5.14100834172654
4.446413104681126
4.79339794546866
1.8495158686330768
4.950968803403018
2.8176179685314313
3.8533397198604136
2.5773674118441394
4.689753539843959
2.5270121437854147
2.7621379166165103
3.8738229932435124
2.3813398568971267
5.503296295865003
2.491037534740172
3.6246326890683775
2.666157285596718
2.249485654475585
1.9015871140791072
3.8936188730804444
3.6370503932562372
5.158459297998465
4.001069548832014
5.053508452830524
4.757066924337272
5.050864668830144
3.3574303025256174
3.6470001541071233
2.3315230224266985
5.056670324672162
2.3818685601085825
4.817852028434235
2.7076925756101717
2.5157571423946776
2.169207731890213
4.69003961706902
1.684797893869686
3.542867200460487
2.3357899561312245
4.733396308431907
1.9298408272771366
2.5492922329298984
4.384356888155545
2.445640930148294
3.3650027168936387
4.2239504872654114
4.006461100054535
2.2600110702255174
4.365616561113395
4.942285831886786
4.427246635714141
5.3179681068047255
2.4702850734022332
5.158609887372341
3.808392829781937
5.205022789608615
5.013078825675615
3.5998285639035243
2.9980132083748288
3.552765884050902
3.6446952974449527
4.257123349354334
5.333192013715893
4.278960829877983
2.8462487103076044
2.871002170157306
4.7348305515315845
1.9583940708911438
2.951983798013488
5.004291095480047
2.648286171642874
5.564926143241133
4.183214278792525
2.891801006169564
5.5590131694146
5.23387141607604
2.5031690452417266
2.649992645805964
4.869853361022459
5.077495917863057
5.4084989931459475
3.26384005399964
1.6479377893958973
2.2494216809780707
2.7631333842456156
2.063222725136283
3.322482917523774
4.051881802600768
2.713254140510011
4.67258339685633
4.475995146201296
3.57660435962771
2.725218320147774
2.623619463306264
2.289495304902313
2.1712654993449503
1.9784051357807573
3.0274416125517196
4.577856086701204
4.385542633353632
2.369070815915946
5.529213239230146
2.2001971016125212
3.5245546153508105
4.391338182774054
1.7510191181430272
4.1588710083845815
1.9159656745529268
1.882085300640087
3.6774180146196027
3.486697666942438
