#.\compute_packing.py
# GMT Fri Nov 22 08:29:19 2024
# 
227851
96804
133604
344566
615065
97042
151511
300698
30105
71196
291844
47712
157792
142172
184951
111434
88002
72473
354567
68149
341526
28158
304395
227549
97374
10425
659870
271601
206936
447689
201198
393690
84829
266608
100148
28944
101057
113289
198456
120739
433011
118757
381815
35566
67839
215224
118894
505135
410438
311278
171217
49137
65181
116675
215150
74240
292948
4686
290907
146886
448789
50972
116611
397172
112942
4083
9052
454891
130609
95769
183751
506465
105923
526755
385137
39890
99625
25575
219269
659859
231063
1172
193209
389221
451920
176398
55340
572 104467
488622
22143
295608
323826
438587
555116
287365
326938
39133 1024
537227
296133
70004
237408
10571
98364
482339
411639
86681
304342
268739
463476
281464
118126
594599
267734
50614
78452 1024
527337
16189
167803
216291
512452
406027
6723
92671
599533
618
125709
364359
57171
93370
92153
71476
222814
266749
437131
483184
5232
393001
74150
15347
527237
226641
175596
88645
155366
45210
445310
73371
50635
287571
37954
29239
341557
407790
115934
106221
84733
221716
445315
407518
242886
606608
99731
227373
125702
397154
2053
227345
489980
133450
255829
474807
8390
77203
86834
74246
394523
157
95027
113187
140292
296241
460257
113216
20606
587185
71643
301932
47477
180974
59973
220689
138244
135348
134132
100177
126076
189007
338299
501500
352083
74747
1280
66502
2017
130247
113684
307105
187998
271802
179326
84175
68277
304385
53442
104707
47708
77664
21295
15896
482508
176570
459911
235978
108823
23591
208510
22814
430717
443998
481971
151489
262743
168102
254835
157993
94692
252403
248258
127703
226098
566343
164505
646859
303378
192229 3366
30107
49085
132981
104467
6190
30635
313043
75645
4788
97449
22080
312825
296935
163647
170319
177793
88659
125217
271881
595226
69755
110882
217314
47565
1024 262810
215271
74101
113014
164601
107332
75054
109313
303671
68280
7093
4814
109674
180758
206911
303791
195309
521322
17883
133602
223037
608729
215109
87668
351050
113133
355741
124824
248070
199500
36550
276857
75183
707
167858
76021
125669
473618
44895
113186
659669
86592
442894
386889
235680
428124
227365
30553
75563
545807
113072
66859
222069
228431
489373
377489
345720
377701
408055
567518
30289
160738
607764
336319
623752
74208
182365
30344
417013
374862
74024
499643
11242
268345
127312
49025
248159
100678
2384
64077
561590
6158
73663
318675
215455
339567
254332
167661
30415
127267
217909
249023
117213
360324
27206
151234
165396
215458
350263
226637
604403
3366
112535
97209
104473
34186
24284
236478
8735
54795
407427
559561
191918
58899
27660
617063
4151
577802
104472
336895
3398
254355
262726
42860
262810
15814
175840
369602
20532
277317
187739
181733
95714
554267
97168
240175
497910
39651
22938
391903
129588
190322
678
483240
203625
144927
79892
463338
513126
111867
543206
94090
557635
447373
167383
45303
26415
583565
338768
393036
125568
106986
108513
102770
409990
151509
298533
56157
341880
145495
281477
385122
220720
74046
494917
210696
116928
113482
130305
64009
370700
149322
459944
66660
423981
70134
226285
516985
7886
104095
155504
107603
94763
249762
169422
176008
144054
228004
9842
37948
127074
126425
106503
88128
227160
167599
520801
195662
128035
113233
9743
98785
94795
126125
74302
45553
281572
257161
62661
436425
38480
504763
2480
234634
246725
208492
13662
18864
227167
74262
389720
