#C:/Program Files/JetBrains/PyCharm Community Edition 2024.1.1/plugins/python-ce/helpers/pycharm/_jb_unittest_runner.py
# GMT Sat May 25 10:58:32 2024
# 
1166
244094
177443
89520
398295
94491
131823
426469
109453 7093
21008
607257
287223
104376
22650
388973
74564
318984
94132
27424
447659
112743
129877
394994
223226
228842
284133
272357
66395
139941
181468
284892
59308
629780
83578
26780
158139
286463
262073
17957 65743
4520
381937
304351
20000
567853
37319
252720
440250
25090
240431
177813
364528
141375
167724
1797
154521
89626
403684
461305
166904
382014
60623
97192
529988
214789
185882
30057
261308 175746
115969
139718
3877
367
202175
4107
250293
134044
448403
80550
113433
524445
171892
262726
543344
626532
112197
175746 265259 507708
403793
47637
74141
31471
542200
207801
116988
176421
148668
18598
222394
183682
361637
353416
99722
335706
74137
37591
179183
58192
412962
451724
36714
255528
375838
137307
94045
59384
44026
4781
247289
5839
63002
422554
92146
181670
235007 19917
108091
371392
31414
226767
29490
110018
19304 407539
656357
21332
21004
257015
92664
113353
72510
216628
188309
74091
216747
130733
339380
89414
206398
28422
113305
178414
524170
115885
180394
79237
431423
35490
236428
633939
8391
422540
316353
280591
60934
12830 214457 214469
240289
210691
118120
239357
115874
96586
30982
47768
614052
426944
73441
645191
389015
245092
230139
352860
122234
118965
232699
384031
537
17177
359539
107313
108816
193433
101814
200121
202610
306384
489817
110282
92409
244575
195744
125611
629890
407233
171302
297167
172003 572562 572566 572573
426923
108524
94775
33936
85249
13847
294253
227166
73928
579693
217952
8763
191052
73168
447649
463772
343917
619517
572566
125331
192020
113478
226285
268337
113123
62926
229397
141793
90510
227175
202711
195397
311450 129914
103739
9171
226491
320581
469476
618646
486866
204736
29119
134132
112190
227160
542339
618987
219342
261773
555861
129802
312637
28799
304342
53789
74205
155478
214457
574440
28461
143387
448398
179448
225517
192561
21301
5762
337283
570699
607764
356839
13526
311281
165441
252376
125572
620620
572640
164303
137470
287804
105076
95007
253519
448384
2984
585860
63951
212759
156985
137093
14677
79636
230565
208901
450520
20554
88872
4697
74194
209273
87994
36614
3749
287952
645130
108866
553052
274048
214469
99800
101355
96405
91798
28671
132751
220670
364865
226179
274028
192012
445725
499913
460157
63541
446968
84426
6145
281534
69753
101687
254197
407539
2514
55709
407481
22423
207
428015
137871
50547
210 130605
289026
469437
40530
7683
303876
118511
8055
171181
397218
224753
9200
293985
203349
201204
251264
374226
202177
164689
91671
235322
234855
91376
212588
541643
24613
104444
583042
500278
97197
30463
109449
237776
11707
125488
2586
211947
12966
243160
1146
246305
24516
287670
439107
394514
413241
85491
266525
501999
530131
393030
605644
429459
153528
386161
431918
421701
268211
345262
27307
55917 555711
278730
173683
91644
166169
113307
643
431574
96512
27073
157676
12412
21296
188423
273742
21600
155383
323978
444641
548809
553998
264974
179657
451731
347833
266100
91648
476930
618983
358531
184898
186775
91074
71507
19555
27204
249079
125949
203602
110846
462985
80081
208793
131439
632804
29961
112501
281477
13714
65743
572573
387110
214983 11810
11887
17893
257678
273567
545807
111366
235090
226136
281576
112946
24583
115376
139076
271781
281168
99604
169332
171986
9877
91761
160786
198825
208492
150852 9745
214911
268873
74192
20609
58710
95357
153396
218382
84949
223587
513064
418433
318910
250060
179785
110363
64997
107430 2810
96628
583799
211358
537273
67737
19242
242197
626004
90536
142788
21090
2183
348079
28896
63759
324523
271907
450143
202939
66541
176050
33826
567761
30105
254303
278836
175587
188459
268814
583792
38223
230926
64023
1291
119965
312506
555711
381009
129910
592383
239485 11810
20495
130734
378522
165506
36951
429556
167620
9853
169543
383981
66377
62815
95271
370710
555123
388673
206019
106828
377680
63917
450932
360678
171958
659860
129843
592533
137108
64009
156927
23090
327167
72138
394140
153929
410404
7827
60665
96300
464783
557633
193400
359237
420847
92872
366635
51340
3488
296083
293477
24688
69819
61668
474106
135395
656081
344084
60456
407781
512510
171141
170933
193162
634911
30077
100762
170942
13515
233618
4958
15361
59023
20830
364697
645186
411088
383973
24758
20115 11810
106053
238751
399050
6421
94692
598529
170940
98292 268757
418868
141535
201187
104355
22788
184853
327142
483237
225970
108665
21157
189537
506770
259260
224234
154715
11810 20143 30033 71196 215058
82722
20123
92021
298739
179653
210698
428297
20532
21179
178386
490902
468001
77440
2341
239410
178331
287747
9745
205862
118817
594470
171863
21080
268941
10986
574518
200465
222816
361698
389460
48787
346066
226166
182411
2433
439989
615629
483670
114229
170565
95966
38467
128455
284400
572562
74120
440690
53396
231849
195482
181474
455520
273169
7794
293255
365722
454514
645163
224771
154511
129914
6028
387591
645151
38101
662197
645032
436428
51355
427816
154454
75160
203649
571511
221955
107089
496963
281419
112811
91968
452828
104653
608793
134074
9128
84143
123195
186778
460258
20143
562906
139688
355183
79835
109545
20392
550525
394988
27312
212925
345797
426731
74357
560231
81443
30442
142957
513748
445523
29792
21821
133491
344601
8831
130605
100787
550277
293509
74264
183590
105732
283095
500195
167483
499864
30033
200126
90998
7874
378291
103891
1060
526755
310247
139950
316890
38340
161578
104540
489008
105739
233087
119053
106479
610674
460268
467382
113233
187959
391567
1650
21237
473881
15901
544671
72489
7093 186648
54442
135073
274488
20198
416301
323762
135391
378015
289911
620622
74271
294197
108540
7995
186648
109367
22694
108082
96627
507708
592954
15152
103944
232685
366153
211910
471818
21169
139779
226146
274797
122953
377855
397187
20487
101318
60207
64831
170948
244527
100679
4268
287295
501786
271709
203653
271964
258270
300737
459937
86667
11861
46933
349665
100976
236526
319990
27378
453444
122697
365827
579156
80209
221715
123404
450546
593168
140032
106870
84567
230148
43594
458537
475863
272039
113215
49087
227550
377969
104563
364864
60463
180431
109324
38504
113883
262394
568345
371881
285365
174852
300698
435982
211616
119131
180694
290788
262701
567292
30152
44632
74263
366637
93566
233146
27420
283125
454271
554023
5773
9537
636317
114403
167670
55536
268707
420391
92322
8019
110327
86921
313880
98105
221841
44919
648771
508723
229149
417416
129705
27483
100918
184639
215133
81808
26714
242156
117342
53918
290435
187712
376726
20533
467193
51856
106661
151517
71695
62352
161996
230109
373320
435595
62244
469805
416683
184623
135136
2810
67445
19120
102016
194309
365398
221194
2766
265259
112785
71196
196266
29805
50022
14490
202654
113016
508395
28336
75882
109703
179296
397667
261398
515778
84684
529381
226653
166700
212626
20461
23791
31230
89614
498848
360910
73356
38146
74400
65160
337972
394087
258428
113035
108075
640742
68259
160043
108187
546805
93291
81880
327698
272142
231331
164536
80908
645072
527326
215058
268757
335456
621027
91856
574
20960
73992
247321
378682
656614
291561
104319
340710
113346
237055
19917
248154
45342
241932
199027
287277
35437
177341
482437
217581
2053
160127
605533
