#C:/Program Files/JetBrains/PyCharm Community Edition 2024.1.1/plugins/python-ce/helpers/pycharm/_jb_unittest_runner.py
# GMT Sat May 25 10:59:08 2024
# 
109324
129910
62815
349665
13714
135073
201204
9537
20115 11810
154454
99800
91648
21332
15152
109367
199027
659860
554023
165441
9171
431574
370710
235090
74194
645163
615629
284892
253519
421701
426944
177813
64997
371881
62926
125331
13847
501786
91376
435982
72489
73441
389015
397187
36614
38146
499913
583042
170940
214457
60463
123404
365722
154511
157676
166904
214983 11810
85491
293255
264974
169543
579156
335706
98105
645191
183590
592954
226166
160127
224753
80908
20532
171302
8391
20487
191052
30077
74120
91761
27204
170948
476930
327698
268941
230139
30442
283095
217581
496963
50022
397218
35437
271709
327142
21004
296083
254197
19242
460268
90998
92322
378682
211910
129705
459937
234855
131439
211616
155383
2433
139718
21600
207801
92021
129802
230926
104563
346066
175587
21301
223226
440250
7794
626004
28896
9745
662197
171181
347833
426923
154715
239485 11810
8019
60665
72510
125572
383981
20830
413241
24583
141793
112743
20123
109545
134132
224234
181474
96586
364864
31414
103739
74357
388673
598529
21080
242156
469437
3877
106053
100679
171986
572640
222816
38504
546805
266100
453444
9128
230109
381009
84684
1291
91968
113305
287952
77440
446968
1650
210691
181670
206398
371392
63759
250293
207
254303
4781
285365
340710
4697
92872
153396
101318
62352
179785
512510
59023
122697
164303
640742
95357
378291
393030
71695
178331
605533
319990
375838
271964
300737
51355
104355
364697
620622
537273
416683
46933
236428
548809
18598
259260
161578
293477
93566
500195
97192
194309
454514
217952
249079
483237
257015
4958
129877
289911
216628
55709
139941
17957
9877
222394
211358
312637
389460
366637
11810
125949
153929
33826
164689
439107
