#.\compute_knapsack_exp.py 16
# GMT Wed Jun 12 08:34:33 2024
# 
225929
189596
318100
360756
91019
377693
125405
336898
269541
585592 433581
10543
23089
325280
407781
351363
101081
107962
507937
116982
224656
113480
23406
80791
30361
268202
11698
110835
250069
315859
188071
52173
511613
22350
355720
261408
82839
201737
8763
96905
185841
505581
86602
136482
519716
112701
231065
91166
182893
5859
585056
607366
178709
125258
363038
174860
61079
278749
21028
75012
347464
304391
595455
614424
435591
398849
49380
354600
44560
2181
90958
214953
353640
428872
325587
468928
160752
218622
156534
146885 720
454691
88245 4395
327913
399004
460020
49163
184559
113240
543748
110584
113260
57949
221685
611912
101699
139646
143176
1892 20195 20673 41403 78153 96053 170623 214557
328211
293154
52070
97017
3488
2187
86275
20827
337705
237698
86709
163221
287164
112990
217668
91379
545834
226247
174200
2488
435815
240387
102442
341831
285967
589384
2480 63994 250201 146359 238393
147651
458299
130298
414965
327497
365211
181474
88864
10451
390969
247093
556996
285104
110158
11088
63574
147812
125031
291623
343518
444678
5059
431462
103905
112888
388334
452581
219446
224907
70128
20684
573861
187400
112732
77298
205518
105484
395383
167733
408763
2292
195722
240026
3251
243118
238797
547376
487692
35618
6091
196432
209840
95601
585591 433581
458912
94653
5032
251289
101092
228016
179873
33895
355921
122705
134851
627739
510062
182421
238828
6176
230602
287295
266751
151763
38285
5456
32015
101628
251436
2380
469288
583067
350893
17646 30698 53787 370700 370710
635190
271908
42564
304365
650047
133938
149479
40649
1542
61582
537206
20998
171914
335052
30989 290498
12830
554084
93613
125941
6985
587148
110977
184565
486646
407171
290498
389246
238393
106324
170948
201735
104437
4616
110080
138891
278953
80867
214233
252800
584911
593417
459958
202544
138028
223707
43400
443724
174132
29777
30146
43688
268783
264440
7222
357929
324578
95341
354568
109321
41700
73825
472034
28434
543183
465941
90895
645056
43042
1083
112043
135348
96053
4121 720
116590
388067
230404
4688
37069
78936
180722
106326
83885
112938
343477
111867
74301
568573
576815
471323
366077
261717
242427
130146
113101
268739
141491
436532
322010
183575
29804
56929
192966
128258
420524
177795
171789
96771
27321
247118
155375
218974
463090
173154
116368
91536
234737
196476
96399
74179
138702
138972
470453
17894
5659
534136
288315
8016
390461
186013 14251
564598
155203
109141
562747
149989
172987
127253
328141
576810
158421
74074
590036
63994
250201
113091
138369
481983
301448
151167
219961
63890
124789
347528
184874
13758 288629
291519
110934
349509
300357
363813
288159
7149
377943
23085
87183
469990
88661
432905
291880
405479
336861
50365
281623
417353
283192
170009
95183
74314
5997
218154
234685
212564
339988
366779
94615
110602
102005
63990
366112
55605
32465
172477
533110
122881
21824
517400
275600
513675
23350
83790
205503
30030
285470
191910
76543
322861
11872
155481
214337
20243
73274
246165
85543
5046
21162
563510
167709
154568
262763
14950
113424
156835
73961
21058
73424
553317
296018
555125
435587
595813
48369
145219
6632
645130
362710
210073
5930
391156
363087
123078
16617
110789
134129
17751
265408
580318
429084
262055
109796
142240
262537
6019 105850
616792
531707
324024
10740
234957
93479
199369
226677
322923
577873
186604
226629
476038
89983
74653
11893
166332
239870
167754
335752
79830
153816
211545
354300
232622
95271
4693
236304
2374
181676
441994
295269
111103
237816
509229
49250
451647
581473
36155
267429
29534
6425
143303
347331
274504
350824
154598
69094
439192
44603
13601
226658
502800
324352
267730
234788
584004
289024
82043
598000
248100
275603
171292
116226
47635
100135
181864
47706
236365
656625
497004
101329
370710
206716
343314
113122
512977
360339
92204
264935
254161
156144
356838
126032
366445 1331
326699
95637
413507
236885
215005
534990
287946
370700
553028
260285
476930
26415
268872
508617
119576
66480
541923
225218
213250
629010
369390
39439
113626
557906
54629
133084
464032
214376
182913
535890
630735
164465
103951
604403
97555
390797
161475
97187
9047
562746
27417
116799
112985
315828
21666
149996
653539
171482
1969
132522
51710 20195
537482
74246
5564
390633
110025
611676
11887
82336
268991
208680
30258
427484
467809
219295
14251
7963
528774
256790
23042
369846
506465
21346
8782
448789
86240
139601
151996
19006
183478
179784
226893
31996
126081
366794
388330
4983
2739
272062
138508
259275
68208
252841
78589
206924
7059
30698
270257
110752
602184
218079
87792
46683
227174
237715
28671
21561
20563
112977
358116
167683
223037
375838
211398
177878
4395 532753
27093
198556
281374
220849
195620
9365
203663
171765
270206
213241
57543
178420
272331
169272
164560
999
312762
85927
272059
400821
411639
63172
44549
64855
417139
47654
199996
193415
7866
385122
327224
433581
222070
33936
454285
47717
93257
154577
532753
485748
74233
74186
78153
68231
574992
49336
519288
105850
17791
37884
221318
68068
245754
218335
214557
167736
394169
161977
8446
23503
72193
206762
105021
492454
302947
33605
37523
230148
109994
344249
2722
75183
560131
72458
108034
38088
111162
230925
73956
162373
69840
370045
134130
54132
338712
254083
41403
60288
53787
369227
2848
38008
74280
203639
31279
149360
192583
74344
153867
337725
32860
387461
27401
172543
99804
91368
383444
132677
265356
87928
181177
23813
245266
88351
278398
312966
179366
285128
369402
113308
60879
447298
129564
38327
400014
148692
93477
288629
20681
143985
146359
486913
178910
237154
201445
81995
20673
113215
337841
1331
105263
459954
173345
419060
20195
208441
62499
2571
608470
131438
248963
487384
508104
348588
202673
127233
125938
325577
21092
87911
1151
141484
366326
246898
62588
106735
39048
339157
21874
170623
5720
276871
74420
215571
209823
16275
496946
890
377979
249067
92187
183590
282131
155341
285048
284816
20728
525280
21186
88582
394361
491348
420861
237976
604972
5128
62565
580212
68219
127747
456155
191938
226157
300731
508804
14664
11863
377902
160426
324651 49225
60934
460256
184704
7233
326875
107394
21097
288953
79817
112988
107917
63888
126303
291729
202757
360691
29194
627668
184872
202181
234251
327141
5117
533595
255
304371
216861
194058
448398
128993
43483
586900
96944
578386
1922
337290
21255
217029
4552
92513
94591
236920
343389
343104
242157
172476
461311
37387
508672
360090
23216
350786
49642
51628
113153
49225
9390
391885
98093
4273
616199
329781
92580
229108
488429
117348
30399
354922
488979
195257
261465
170420
3991
214215
188309
78602
720
212925
412771
304226
208798
258454
89110
183713
78398
104537
317479
450748
8745
503605
175036
478017
20211
367928
337304
177238
167772
104273
415444
415888
256130
377890
154721
21022
222173
28259
195699
502962
397204
167601
550693
628806
513496
265455
74072
283533
21523
437852
184895
404689
459941
103917
244086
33935
291571
411457
393060
175085
281079
480781
