1.2212016309537668
7.557161070236411
0.4
5.1337330762614375
0.4
0.4
2.0905500485424025
2.2861498972050778
0.9804888923572743
0.9580564407080123
4.348133425963859
2.397718314184143
0.7569697575240184
0.4
11.489417621418978
5.689472648566513
0.4
5.545305558859165
2.4927143426135814
5.781492890369824
0.4
3.542859400950092
0.4
11.953814926710297
1.5335757182877505
0.4
0.4
3.289058082843142
0.4
0.4
0.4
0.4
10.3124843805491
3.950491709908505
0.4
3.7545622393558267
3.7814258217809167
1.6426335974639423
4.863729009171417
0.4
1.3504941341564525
0.4
0.4
8.311001876177867
2.8935126572311303
0.4
8.780407781561298
2.597783215788452
5.037226891504689
7.746122662337852
0.616782721837857
0.4
9.67494350644827
5.939897424528654
0.4
0.4
0.4
2.2017495902796993
0.4
0.4
3.835413142641694
0.4
10.74972250890407
3.1830936402276313
3.288436528192527
1.9920969803611412
0.9932307169225351
3.805200678673558
1.9261507357016983
5.337107221531063
1.2293259044126015
0.4
1.0209106717329228
6.221379712826549
0.4
3.756142862046683
5.702165597082404
0.4
8.417715426725891
0.6221556691735406
0.4
0.4
0.4
0.4
0.8726037336593983
0.4
0.7824425313667989
1.6205259004784305
1.5333929570118963
0.5456980847859607
0.4
0.4
2.136480744504615
0.4
0.5352419189946858
0.4
0.4
0.9327761705331079
12.191704176603348
0.4
2.917737085927488
6.59771269368343
0.4
10.837145256792017
6.327027406690345
0.4
0.4696180251649049
0.4
0.4
8.69686167138606
4.492457012217428
0.4
1.5911512533684835
1.0594442731217146
3.6897218923984747
0.4
5.230809758097315
0.47818846850017493
0.4
0.4
2.7086445721188417
0.4
1.779513982335363
1.5858390565271665
2.356939038524867
2.5239149981631677
8.077379486197344
8.146762235749929
5.940670790650195
0.4
8.577759666255679
0.4
2.786518713801658
0.4
3.526884687510176
6.26472098872101
0.4
6.103155073578391
2.723971477023003
3.766516306809508
0.4
0.4
5.248383616868294
4.620278402567868
3.1756999372940418
0.4
1.6939005436206651
0.4
0.6776462283041919
5.730904686313304
7.9532746627142
1.2342552716904553
6.289317368019317
0.4
0.4
0.4
4.172905866515526
8.097020053717586
3.5910356282796734
0.4
1.6007697401564278
0.4
0.4
0.4
0.4
0.4
6.480684524636306
0.4
0.4
4.509785775923804
2.5605830620239916
0.4
6.485247585372578
2.0832328192938667
7.235080654791743
0.4
0.4
0.4
0.4
1.7225820741123212
1.6426928279163715
10.034774389997606
0.4
11.118667680301842
3.0424429765048737
0.8820441625496686
0.4
3.71230794992335
0.4
3.083948648435439
3.784407838085168
0.4
3.9150535704256257
0.9745494935453028
9.737336805669678
0.4
0.4
0.4
1.4605238683178934
9.864936383834724
2.4065192171778116
0.4
2.433366952744402
2.1335042236010566
4.63082005698707
1.8092257501849982
1.9066384800305007
0.4
2.4927108777423927
0.4
0.4
6.8813709052063405
5.9462100645571105
2.6699614429481024
2.601857371925548
0.4
0.7234448390568617
0.4
6.0795756112269945
2.2893493995548218
0.4449556156296399
1.4415858298653959
0.4
0.4
4.2015848193852845
1.6734665612880557
5.428003723292904
4.799781937994148
10.444156229096055
4.056568351955204
7.0232664827639635
0.4
0.4
9.574215869244707
8.371739519072753
0.9303533865893735
0.6640428487249619
7.489612903657404
0.4
0.4
1.1148650922247128
2.918897068323228
3.113293111327244
3.120584016824629
0.4
2.2865559893510388
1.7092273362386405
0.4
2.133119048248998
0.5332268073608672
0.4
0.4
0.4
0.4
0.4
5.998643080012316
6.046192156832495
4.147147970637243
2.639625856411349
0.4
1.1724840217484647
7.795777384277956
1.5244235512309423
4.697908914424092
14.886493544176258
0.4
6.417691325677261
8.708064393770604
0.5386628163498506
1.2349348548072228
0.4
0.4
8.183817191993256
3.0194369360752455
2.2373503611034
0.4
0.4
0.4
1.913789499038422
6.020497399169267
3.542926149728769
4.635768262305067
0.4
0.4
0.4
0.4
3.174531669469231
0.4
2.229426388091117
0.4
0.4
3.235277248384392
0.4
3.86893480752258
0.4
0.6804888239134713
2.8967696795161593
0.4
1.2500454180558718
2.3830315302107956
1.519735492393757
0.8164448366248787
3.5770575294300775
0.4
0.4
2.337739946606001
0.4
5.283209206456524
8.068386300741526
3.802415213044407
0.6946318262147808
0.4
2.4191009462697006
0.4
5.1322243897880195
2.8468247770888846
7.084463103655224
0.4
0.4
0.4
2.9667317469227195
0.4
8.669905955673096
2.9803839118293562
3.046964406941269
5.287980062975352
0.4
3.201052547101982
0.4
3.613170685170986
0.4
0.4
6.000762625296819
1.9782656589320515
0.4
0.4
0.4
1.6408473395794319
9.145689496413013
4.142425146589261
3.6021442284628917
0.4
1.1558015537197948
7.363195218085123
7.773787730130525
5.836545554278523
0.4
10.22285280417521
0.5793920766291478
1.785517783377995
6.315755840460628
0.4
1.3470825414970562
2.665822059072471
0.4
3.234661428577618
0.4
0.926480949455473
5.709719259336978
9.617681855704243
0.4
0.4
5.6556902442914385
0.4
5.928318921996299
0.4
6.191667476332684
0.4
4.452037827086768
2.4124609490926026
1.11868549684718
3.994060582472035
1.8123427805375962
4.455597913568917
4.819139309342626
0.4
3.155987528474265
0.4
0.9953352810292941
1.3387058095389028
1.9851842759645306
1.419636239611316
0.4
6.188983136036256
2.3940288470198396
1.599409095287982
3.744840356962126
0.4
8.332292407308353
3.2468244802986765
5.795799703157224
5.156392311198315
2.65965672713112
0.4
0.9254584505560661
2.2344397749808014
0.4
5.05175395653031
0.4
4.219055069238287
4.696480096133832
5.240810147773255
0.4
1.2759334619401859
0.4
4.812045020542814
5.755049094500354
0.6999951720476939
0.4
3.366104414921088
2.2263162420521336
5.559797956668757
0.4
0.4
0.4
0.4
9.919260628506125
1.493756309823367
1.0192057767161913
2.2046574908810515
0.4
0.4
1.693491104828954
2.7435477605377283
0.4
8.043721536297914
3.4517195950941812
1.1753159640625974
2.5086308626821103
0.721017480775087
1.3879239593508013
0.6921540979948351
0.4
5.447480947475173
0.4
7.258876742482327
0.4
0.4
3.528849708122957
4.698399593044792
0.4
4.431758568656981
4.866621960754962
1.5186672656476328
0.4
1.391556989461627
0.4
6.247987663943725
2.170945030058457
0.4
1.6568990049151964
0.4
4.006781480756745
0.9389401176348477
0.4
0.4
0.4
0.4
0.4
4.137008125062489
0.8286364167896595
8.007253880881752
0.4
3.3472207117997987
0.4
0.4
0.4
3.3037057739455093
7.192680728940637
4.501544792510181
0.4
0.4
0.4
0.4
2.9256016515165166
3.9839738529786803
2.2652317237578035
6.437356379150252
3.178738348404378
0.4
6.410275522405403
0.4
0.8436662183641057
0.4
9.147872496985462
8.553252626478573
4.105947490037602
0.4
7.1946730504968865
0.4
0.4
5.545652818871464
0.4
6.969218816873026
11.436462319731644
0.4
1.466597316234493
0.4
10.762994596451287
0.4
0.4
9.610577637484658
0.4
0.8504048208735624
8.921640989073008
1.4093190784613703
0.6604085484318759
0.4
6.978974879358395
1.766242793599548
0.4
0.4
0.4
0.9365129861635091
0.4
0.4
0.4
0.4
6.278441364742939
5.529378974874135
0.4
0.4
1.7562371128520295
1.0406172270421181
7.354048437223197
0.4
0.4
1.8314396465353313
0.4
3.154202485903882
1.4873180326163244
6.217080422759654
3.0569364204328187
0.4
0.4
0.4
8.5541023551918
5.30627799048281
3.7318933112978736
0.4421508455515788
5.24256362446771
0.4
5.090534608963678
0.4
0.4
0.4
0.5400194313039919
0.4
3.7289857390944117
1.8848567072261335
0.4
6.976285917557604
0.4
0.4
3.1399466749916236
0.869246681221153
0.4
0.4
0.4
1.4117443575669166
0.4
1.8329722707310436
3.9175056874556855
0.4
0.4
0.4
3.696483415380303
6.130271545759843
5.810059774639658
8.191779307408442
2.692752838770267
0.4
2.9680075344007624
2.231639576192239
0.4
7.749371565888101
0.4
0.5143606596145436
1.8472905761026193
3.5233670136871913
6.222534084863428
7.264886534258624
6.746398600296667
7.7132872786887265
2.560650613135712
0.4
1.156043689086381
1.4283271633235297
4.9095069981546455
0.4
1.7558058252112732
0.4
0.4
0.4
0.4
0.4
0.5998977492993567
3.1111983071757576
4.4663869624702155
1.6926875063535312
3.42579958330745
0.4
2.3432573115701247
6.220588743374957
6.107768566904326
0.4
0.7316786735551962
2.9518332364976994
0.4
0.4
0.4
4.498499816601813
1.7492528877593045
0.4
7.660732141712147
0.4
0.4
2.5757725685265953
0.4
4.648745506240392
6.374691395102717
6.644310965070355
0.4
4.340627501001064
0.4
2.660287590167377
0.4
7.93505612526954
0.4
3.1654669267176203
0.4
5.578449479395458
9.619841731816475
1.2498983723776216
0.4
2.0217188274944853
0.4
2.822766583572043
1.704552903793628
4.171286954418236
6.125259221848424
0.4
4.633852572780363
4.109014469206569
0.4
4.6906159702701995
12.477773533333034
0.4
0.4
0.4
0.4
0.4
0.4
1.8906398135164177
0.8915772051273089
0.4
0.4
9.282930181812024
3.083907176354723
11.96955732909538
6.809593058609007
1.0801144889758627
3.315252936390073
2.0454140626991637
2.693239755439994
4.986471152047123
7.0157414630101975
6.261390841396135
0.4
3.799623823333042
5.381654885107399
2.6650973559488147
3.590015290374549
1.656365578611151
0.4
0.4
3.6568406763736956
7.845529640540617
1.6706120810864533
1.8071133561039299
7.760364600113199
0.4
3.8811062870354274
2.6175388634046297
2.504400931386077
10.73893103727707
0.4
6.505200669290531
0.4
3.1381623189118146
2.1326907951994505
0.4
0.9595984435474458
6.8502156666922716
0.4
0.4
0.4
0.4
0.4
0.6036973631237028
7.564402143594334
0.4
0.7204393556914115
7.678470651018705
0.4
0.4
0.4
5.199063698495811
0.4
0.4
0.4
1.4980700045355513
8.535060597487943
7.016505042001182
7.600206570106666
7.56616368659178
0.4
2.4311575280288706
0.4
5.106617171584943
0.4
5.197827555390688
0.4
7.9824322216913846
1.9117100445478359
4.607233760174154
0.4
2.7402681229530534
7.940799311866515
2.5600473069686016
5.672228437628345
1.7537609614733802
1.9875999436264689
0.4
0.4
2.9103512509069764
0.4
2.048741266977684
0.4
7.293440555246262
0.4
0.4
6.369996912569478
0.6548982413337352
4.479375118424228
3.3658899919612484
0.4
0.9321700305551466
3.7909420174583675
0.8297801088506962
9.466877765434832
3.4461000503765806
3.9151014604482737
0.4
0.4
2.779984865318174
0.4
2.979331726150713
0.4
6.053883815451883
4.863050682970258
0.4
6.208888155446914
0.4
0.4
0.7591761804890009
5.29173377036884
9.873611447489822
0.4
0.4
0.4
3.882229431770363
0.4
0.4
0.4
0.40844188096550016
0.4
2.6745755597674368
7.970689401627162
0.4
0.4
0.6912059186142405
3.66726445715725
2.18011352247097
0.4
3.6921847820767986
2.5882465068268035
7.595041618637717
5.9534901473796165
0.4
0.4
4.199076560061284
9.903938687182865
0.9919855841332791
0.4
6.774183562376397
4.2488681799866885
5.966241077340825
0.4
4.968316009682998
0.4
3.810396287558598
4.151355950847702
0.4
5.653903733889887
6.935119366100242
1.702414960621223
0.4
0.4
4.3583669358619215
0.4
0.4
1.3646279179673348
0.8044822412771504
3.6786091699853674
9.16499188184605
0.4
0.4
0.4
3.0530140250982982
14.903277509122931
1.9461888802000946
5.358995894936266
5.939098314293824
0.4
1.852786106244825
0.4
1.2259009016125626
6.178027433163898
0.7277141385448719
5.751508466465534
2.0000538482738683
1.7565095927992231
0.4
1.3863893211839617
0.4
2.316752498349861
12.069163477804207
9.462122757002483
2.9919574117309446
0.4
1.416739615791066
1.317094871828815
6.95973965309725
0.4
9.115543778173599
2.3493542817816495
5.465995174884386
0.4
1.4440141971583573
3.006435882998394
0.4
3.5665815705781814
2.8303739005085786
0.4
0.4
13.225494296134352
6.483898776284676
0.4
2.0520572762560496
1.4841873566864578
0.7204977710857888
0.4
3.973112460607232
8.18318541518631
0.4
3.1110692238827458
0.4
0.6806267975935916
2.034243829358386
1.0573168545107097
5.501946486103906
0.4
4.816699012545954
2.4489407607705935
0.4
3.8550481023097576
0.4
0.4
5.902592083568772
4.071595248293116
5.572699953199914
9.499396903704008
2.6965797442326456
0.4
4.801197777652337
7.112537591027079
1.4320311951042277
0.4
5.0989209495362395
6.33748170371339
3.7449600337557047
0.4
0.5689128729169302
0.4
0.4
0.4
0.7152672033817425
0.4
5.783963520300443
0.4
0.4
0.4
0.4
0.4
4.848014998594877
1.4905632441518772
0.4
0.4
12.263838373586433
0.4
15.601925574333606
3.2725787838946787
0.4
7.013468596884614
0.4
0.6085504373023264
7.427602111208191
1.8047968100151583
0.4
3.0494212074407736
0.4
0.4
0.4
6.968699238249176
2.803908364581351
1.0802321219159028
3.50443441685648
0.4
0.4
0.4
1.3057345233777204
0.4
2.9016837199207313
0.4
0.7829473546498076
11.35663107245522
6.993525624408225
4.073808647117151
1.5488126064240173
1.8412356758815673
5.880483845253151
1.2804131822401374
0.6424203957126029
4.519726096463793
0.4
0.621292620809967
9.633889584723425
0.4
0.4
0.4
0.4
7.591780529541408
3.4818303325686877
5.191547217915265
0.4
5.037715870425997
5.756463632689858
2.5331256973512493
0.4
0.4
0.4
0.4
8.31546239294048
0.4
1.887880382501851
4.375988521854373
4.30313250039017
0.4
1.223597136409928
3.001195496259334
0.4
1.8481627728693517
5.025433324298626
5.5066014706756405
0.4
2.2782927791679857
1.4271964317588384
1.7194907301372775
0.4
3.7340504093976397
3.7222853648400833
0.7947538535436136
5.59044891895776
0.4
3.319528906906817
7.468672914241926
3.853691583960079
3.888524871627359
0.4
1.6139154305375536
4.429186561958767
0.8961249744935873
3.7280593694398663
0.4
0.6311417254249937
4.468326217742252
2.0959900367742876
3.3851917648530576
0.4
8.736871038624088
0.4
1.8141455670806796
6.720890142198597
5.472403736321211
0.4
3.0878863957069558
4.227700749032555
4.964057637421172
1.3378976291406737
6.399478467989427
0.4
1.2778312582840905
0.4
3.5280468041758937
0.4
3.8407269981733627
2.5259372195147223
0.4
1.5039652950470985
0.4
0.6337291411856034
2.7857927719422904
2.8124875548706303
9.048699984308342
2.1463457021330354
10.494323045848274
6.617217166366213
8.18518270946469
0.9287172467518557
0.4
2.585611336693205
0.4
3.5245685743261808
0.4
5.504515243329809
3.4292444813364185
0.4
1.726401184217608
4.342801803345644
9.133175074781143
3.806359718979275
0.4
1.4945202383281293
0.4
