5.328991953865216
4.2701095531124
1.992992355561952
5.59320381967821
5.212537167299779
3.6393183321004074
2.6682387718446146
1.9208195812064686
2.7896825428635186
4.977495182768347
3.530435275589637
5.573091231647766
1.963715681495679
3.82635517514397
4.625794129240782
2.6413410633429373
5.028321948925489
5.575026430700703
5.067579370337073
4.7295504876233725
3.9730247859090775
4.529733523133059
1.933514995864353
4.575627624265154
3.754527806650527
2.2847780237886695
4.424914004499352
5.26386402391698
3.3528058687781668
1.9969992278953512
4.917576654451983
2.3568439379943547
2.2439358631427044
4.7622602006823485
2.799109585752311
2.1934626555718255
4.443630214473698
5.41561973674255
3.132976687203114
5.318819382732771
5.173530382053485
2.7315210346406498
3.33519550041501
3.4438450009988686
3.5167257866647863
3.2043160096351757
4.917530804902976
3.9049263137766617
4.085710530397325
3.8821561785111975
2.237063182809871
2.5826712188230396
3.9132065208278677
4.2119402631385245
3.5828427744082836
2.7454036555270616
4.303132182724707
3.8967210777800974
3.8422993412941056
3.4993495782071564
2.1787336926802237
3.6146891072355483
5.205583431014296
4.034853485631025
3.5371842255900514
5.160888612815075
3.631833834239794
4.768992568857653
5.552265775761743
4.678740409523469
2.182617485859566
3.2992763630597604
2.1565314771214554
3.9325739236461006
3.4041894831009247
5.061187704276303
2.422513384562577
4.023966985846613
4.445405771202841
2.2007573137383996
5.177130840205489
2.1125474702060885
3.611287687911884
4.612239776291839
2.0769874331705704
5.341609060779309
5.221676152545955
4.95347352004026
2.8915459634428307
5.478098127665418
4.45154404212634
3.0774666450880646
2.7078742787236436
2.171969979936027
2.620525271174466
1.7219958761176186
4.5769585923399365
4.196771961267753
3.345533968881812
3.2831221674410105
2.814304058992738
2.9819294347530425
4.824112052004039
4.775380521089682
4.704370393391552
2.4512582660756577
2.5591497775261476
3.588959606688789
3.808543409734291
2.837081115015545
3.4613127352081783
2.6401236904346113
5.27131363461454
2.3530642249272797
1.6659408602707289
5.176308692588551
4.078787188874262
4.757800244164426
3.5985351697448142
2.2705479134312494
4.111053064576208
2.0330409072718134
3.335694773468081
4.951321664625576
1.816273817624741
1.6092315858798587
3.3489311589324755
4.90498569923556
4.239971511872437
1.8692521221717904
4.409112900197255
2.1680308268707726
2.1996352088639393
3.309654896779566
5.141610468808242
3.930970679050685
3.854199284581283
5.3973969874267755
3.793682014366129
3.199775950059615
5.029900176538759
2.950315763268117
4.285278819801976
2.855628816889448
2.2268254966493277
3.254385902084156
4.958137075451756
2.4034246060322935
5.108460544823892
2.644003815648981
2.20093919004298
2.7742038677403897
2.8800675494916788
2.285759371549947
2.4297029165054687
3.657995045216349
3.709130052288564
5.381471898573455
4.037100851588109
2.3346844485354143
2.2437538837722246
4.285977643317585
2.2208659262130075
1.8482767207849484
2.030324200522507
3.535684402023626
2.384492040999604
3.0930238316261405
1.816347463593897
3.764044532969212
1.8556687950108803
2.093295068686018
2.50725419826396
4.105786037351185
4.936347310884811
2.2978161925876623
2.656591905746503
2.644711573498228
4.667479327377237
2.603493170202936
4.215935503716468
4.22464958572675
2.3436959398578057
3.081021159108485
2.153688443871787
1.7017165886185057
3.3034959789756626
3.6317927037433284
4.698087121352643
2.4553672121678614
2.6713080573034755
4.505229113930243
1.6318482955207592
5.146431937003927
3.7756344973523364
5.483159393585705
2.9956343732071407
3.076778547970366
3.2584359450228484
5.508283907782005
4.628221289086752
2.1286150645672093
2.1212335150737758
2.959892465309613
2.1163701539641573
2.948584885555086
2.2321396670169165
3.923739241696631
4.696401772207237
3.596749189633869
2.8866836743230584
5.376720504468496
2.2119714259421617
3.33522667867953
3.6382482370009774
2.6536179425993742
4.662262642297893
3.200933596343775
3.2088278907343057
4.832959171935642
3.0234123265470823
4.790909055244571
3.477219535788161
3.539790665432414
5.375776611488098
2.1847687730594263
5.048658290560102
3.290405460704357
2.3141463584738715
4.002298360790565
3.0924725111377276
3.452935796294231
2.4213842369234584
1.6880222616618967
4.814847808259825
3.8495091737387837
3.5497043824322625
5.452819250615555
4.111000751406799
3.9619543158647246
3.9073238696235464
4.785050776354333
3.2630063652554555
5.504078099512463
2.715423183863722
4.874583200968638
4.859071317056559
3.157587584496913
4.117292710569256
3.945279271277949
2.4077436388348255
2.905840399083026
3.4869969895789237
5.4194387211589765
5.187338719924611
2.5831180622329666
4.080730210599687
2.8561755276410548
3.395994558436269
2.2292901655457213
5.039713636510644
3.128745061202215
5.319403803104796
2.7298577325015283
4.043657970634786
1.9733319211484943
3.6652912221715246
4.335100370993381
4.462900073785703
4.21229167779211
2.473364198815171
2.0602668512997164
5.385029517722079
2.7555132970673553
4.002031116772184
1.9316088048903666
2.6966512913460954
2.2110813559022913
4.413439965625478
3.181922075028191
2.3066346026345315
4.618205114795646
2.0256188402660382
5.008854997227211
3.338624719934283
2.050338079175618
5.325051570016738
4.8240725653555
4.17948672176235
5.340697733131899
5.41445392485698
5.317368004383248
2.4351960103445895
3.6505733963300164
3.35136906756894
5.113613980319518
3.1876743883252363
2.726988617789264
4.356285490891004
2.5041723829248506
3.8179938319444697
2.7227837949607796
3.5741585118720276
3.9901125966643933
1.7701572090393523
3.903795372906337
1.647466858545878
4.482739324774259
3.3489594783695464
4.191660110982763
5.525113391319065
5.186355963087609
4.409756018654138
3.9929087673575583
2.516658475229218
4.358177595459587
5.3694177810249055
2.1463455186966405
3.528710302818364
4.172582848498639
1.7193643555138083
4.773787817187223
2.472734601348242
4.149271137787489
5.428318675082377
1.7257951766893518
5.403105455914966
1.6057275940868712
5.330872603165139
1.685419395168267
2.984452324125467
5.041732307752696
4.700475928441874
4.756910088892254
5.550662305516266
3.8496945532091402
2.08776955573411
5.199306606931664
1.9419606433212593
3.418687034186955
4.3210861980569515
5.370889012092927
5.234626230181368
2.1747414854975675
2.580298554169748
4.057509763196355
1.9897911046188126
3.2938901568692165
3.629329933154396
3.7439183650614263
3.420960533852898
2.291265272806443
3.5151140403698014
4.684609513319952
1.7281845657919876
2.6821328873583976
2.260669851569296
3.049053693585814
5.59266054021186
5.169430097199848
5.067214814859741
3.4586723511950184
4.399249681079002
5.42346113792486
3.8515609003279643
3.8106099550924557
4.166664874007005
4.589572842791549
5.104191795993949
5.30082389247106
3.0594274294662904
1.980561015481503
5.322635519712674
2.9024698571063934
2.0386734418249675
3.3299714167053596
4.7532775713008215
1.8517360122618718
3.553558762735098
3.512141200093686
2.1431402312551904
3.2632110929119302
3.6719005972911427
4.46324764195886
5.207980526280284
4.187242937105379
2.380588711597855
2.159217945281891
4.497208193821017
1.6560380505286676
3.047475765721297
3.275112700890062
2.6856888698575063
4.582138663578826
1.9843317050966278
4.295257640288435
3.8250403180611054
2.8850463345347555
3.6222781243192537
4.631347031646629
4.487344162729119
3.343425300379471
2.576729462062599
2.231174165119625
2.4403867360685068
5.04476195436545
4.440930023026841
5.545665005379717
4.104946987071502
4.327511369541258
3.1068033721856625
5.137158705082754
3.0519084550898232
3.838925290820541
3.1909350380990578
5.092229431976561
2.8295829686391363
5.120490693694565
5.2558335162871845
2.0855713523891506
4.208124196776524
2.4045858830014986
2.79797389687056
3.557123682634999
2.449630794755685
2.592955183972604
5.357077169561588
4.399102446126897
2.2502144235963306
1.8163532416949506
3.306785801223363
3.6682855059013053
4.5680262151737265
3.760902582519491
3.2147123361740975
3.731021430150594
5.28610796899375
3.0073233403844983
5.319585746694766
5.1019353191986845
5.502870209364637
4.174523147418617
2.1554337099952945
5.11743488671838
5.2392895136215625
2.193649693510629
1.8038737290465492
4.597852671867603
3.5697721684910113
3.17816975029255
3.8671641204933254
3.046327990707338
2.9612557901516143
1.6324478137431684
3.611148963658778
2.069902617948907
3.0932874965800994
4.125613157305567
4.188147468526208
5.4406952660384515
2.5295404622410533
1.7734131526897365
1.8279802634041036
2.2175083600982943
3.939005969224539
3.2055109675952194
4.697634248051606
5.4877008687407365
1.8191511094271857
4.39620684761563
4.432742073588148
4.2967605682512815
4.761491552901184
3.067854621684341
3.468466204648034
2.4458515684041924
3.797293834133993
5.001255440855418
5.1629617375524255
4.743035331406103
2.1831898246069636
4.296470000999479
2.3359116745603496
1.9966203985533517
2.977351289889092
2.948528599883398
5.080164327584151
4.2645671908126435
3.621230368143234
3.399113074313851
2.3377711181851186
2.2621597185966404
3.6606204073574045
2.9004223368469764
5.141996329364767
4.458302141574967
4.826669275403514
3.293428479550227
2.6740588030324957
2.5074659016907734
4.778769658346661
2.068981828078904
3.2225209649930533
2.2851076689658076
2.8506692139139704
3.7618418511338305
3.452104175961109
2.6849579041559015
2.0665766863243755
5.0264712652798655
3.9655259009836312
5.374423420330556
2.5520633565695077
5.252478116068099
5.32365661448346
2.4520933617087133
2.935681660314925
4.91748052883807
5.39977894839678
5.457212998555015
3.0951711370610755
3.0428650808419824
5.214554055910048
2.408120420750893
4.411646429900188
4.272721794655712
1.9911346192385793
2.7794039247383195
5.473668633714807
4.067977589257698
2.118638478394593
3.0999643289595866
2.5442049734671692
2.442282262358779
3.8275322788283734
4.58674224332413
4.009590274546428
4.2387768294975565
2.8957151942474018
3.3946653908528983
4.577188531489567
3.132878052327525
1.853804006384851
3.5841717314117068
4.595179031314158
5.418570985314995
2.187036322917447
3.954077490792971
2.271870325862525
3.8556563972862468
2.0682862976555136
3.9257479014689047
5.22826830045882
2.362457385507404
1.9208897740618642
2.554027453861527
4.286326907207075
4.777048803335307
3.6910843001433076
3.9852774771972292
4.462141041949961
4.165196575446169
2.264972863446415
3.3666792690037513
3.2035630940839943
3.4584283972129306
3.1910289019819706
4.4994376990017635
2.575824820335066
4.251234962497492
5.006430639385912
2.0602583084495674
3.2924913089252237
1.6614440966330446
5.302249725080001
3.83420261816086
2.030069551173272
1.6418988592379828
1.6990288009642662
5.394652831176197
4.17440662003732
4.49859727569195
4.986030417561205
2.430681368537439
1.799197531778494
2.9324297606416496
3.777203998190752
4.72692264391322
2.777232001419747
4.931744423749449
1.7450994994567792
4.729798782424991
2.9303841275378164
1.953156767532918
3.5591193098837737
2.0239518543261075
5.339268114777259
3.49777487801825
2.06569147285371
3.6984954063769204
5.184298255734078
1.7565968316685794
3.263272702348452
2.721328715064291
1.7050519056349405
4.212018113076473
4.813985297975819
2.0822429488353302
3.3339321832383617
2.270200198349757
4.253653317551624
3.957654192039288
4.437948362057731
4.7565626200944235
5.065454791725712
5.448069791997726
2.652651517767849
3.396288935702704
4.999052448076255
4.866497253825225
5.340781962172328
4.9198659475055795
3.511649555316639
4.9264404859025195
3.554480289851586
3.6376991776569567
4.414314453453091
5.075744489390031
2.486038000464571
3.3518884713396866
5.5869602304195
2.9977824660136094
3.1613999679403957
2.7481745082141016
3.9030403572367947
4.36561451783336
1.93323836087411
2.922405249568965
2.2213353354557945
5.183377101035169
5.580035344554844
5.319359329132277
1.8785156718422935
4.391577628327616
4.4607080757837405
3.1508899199811577
5.020610626854802
3.5373079085697827
3.017056854051154
4.312078250510568
3.318423575898078
3.4097044605521343
4.681326962740581
4.758836501818321
4.449449815630898
3.4534127235269128
3.8916309247341565
1.6456384348835602
2.413124022034293
2.211223396309216
1.9153590742151319
1.856676172963072
4.114245070935359
2.9092462140330473
2.0133226286683055
2.9982255605511363
3.3277461041533205
2.660850444573779
2.5962344561023882
4.519861881368126
1.776704969687584
2.6465266753702705
2.266698686967354
3.064597549889387
4.80987159721319
4.366017095540954
3.526048459143841
3.9321701316161737
1.7399050379005594
1.750226751243606
2.868601989309922
3.941621019971531
3.634222383217347
4.5012657328099195
4.132212290091081
1.710955340890739
5.4068465984129315
3.6207228844392856
3.7164229082790903
5.03487383807084
1.9739437932164479
5.343940878101811
3.310431669253184
2.9340739853930615
2.7066345001135543
1.6517006465400987
2.5767524916003826
3.4134881693235752
5.377429759747839
4.3882528628292885
5.387225105836876
3.909501281922787
4.423739052474466
2.733798251801768
4.070690523711935
3.52712558801555
1.6694968037266986
2.687618182682652
3.227835175568695
2.8464147478150115
4.791520195524896
4.625057652935819
4.6776743762032
2.0460484225018902
1.6305650520462094
3.2876341928921864
3.026247837503516
4.032972841429743
2.0493392419099123
4.258349770244495
3.0724569158534902
1.6320132518342367
1.7904201545377094
5.594216297664736
1.6833811874064537
3.2563642910555206
1.789431306410584
2.038879685460444
5.490164491699941
4.221485465321928
5.3532185544566
4.7154933009606435
2.0817443062683076
3.9393742213881584
2.4760218808708396
2.3568991533937544
2.869783629639203
4.072446717812769
1.7120331135359135
1.7110383927257677
4.42612111454218
1.8556668614791203
3.323366315654806
2.960168826659839
3.288448695320179
3.626528874930133
2.2549041169490263
2.7557891665125482
5.35828758509097
3.8722330539282335
4.551348894635362
1.9640412095722395
3.216484463733398
4.692230983803624
4.44096404766765
2.929225602542003
4.441399657899188
4.658657594323232
3.4957528955336095
5.276575532755156
1.6638317807726883
2.5985201560561713
2.9308916243258802
2.8304558537482163
4.9297957142829905
2.997010430991953
3.5123710511154953
4.325997072831761
3.784937410489891
4.905698148865212
2.220967578153049
1.6995348824914425
3.248116823021451
4.810288195951815
5.283420228263361
4.908608297278109
4.608188599767082
2.242915875215668
2.1366816122045793
3.796927095189186
5.2201398707098114
2.5055428447042187
4.399144535600982
3.9501037679152793
4.208862226005152
3.660904290082518
4.919736362054934
2.5237818705641706
4.722994236536686
3.22656586024381
5.197507950470319
1.8527914096675029
2.3214107308066874
3.466641912096504
2.684859508383522
4.542200491556483
2.5190719880665973
3.225362331862231
4.705356961003119
2.6262649024091753
4.290703750646503
4.622102256563698
5.236047258152277
3.86218427175174
2.9553695843527716
2.190045745003873
2.7941368498314687
2.6077880300399476
2.6878610473383975
5.278220563393835
4.409432762777607
5.160584985211405
4.968313598177851
4.165235862242762
2.1696517637120873
5.554440894699201
3.4519970773629893
5.338774507555097
4.106800678620052
3.5720074791799576
2.713279708580587
4.403111099023377
4.166692601199632
4.26787277860584
3.0163975601353616
3.905586517352086
4.934222281612709
2.983058454591871
3.699305704863941
2.5456451553326715
4.954351056967365
4.342556083484002
4.044225484393442
4.580266051364443
2.6560884736263444
3.758873682500389
3.1489775046402055
1.7475036293055721
4.613720796375917
5.241661230443996
2.877577168912731
5.3974737615425825
2.2944915071368577
1.6069376050673436
4.8536240286162995
2.243717506223366
4.383107111127591
1.775568539459628
1.8742260756740037
5.2614497020369
3.4351277915777865
3.300017785700537
4.376211351417222
3.3655911685834945
5.004724003978241
1.9471642752865503
4.4216725734017395
3.869444429716163
2.1433584099125977
2.755018242842657
3.534193848643138
4.229397078442209
2.2919653359994987
2.3770868617645
1.8475403516694362
5.4515102110308575
2.0721644525240395
4.4957753711249
2.9664031344317876
4.571613085535105
5.088848373952417
4.421110682248797
4.157171473323013
4.252040837131363
3.5444667056099153
3.136341187019502
3.926101257643511
4.466789277218924
1.7218244435900347
4.784491548479134
2.2548520106053256
3.989910375454268
5.271473209696698
4.989999704655185
4.244681457805701
2.6991736518707414
4.626630693673489
3.5365320470565336
2.997613747234091
2.8758729723510736
5.435277733587256
4.301182736998085
2.7392294494121883
1.78581866728579
3.3281311052848706
3.0580982480383914
4.546834218979013
4.154319817414318
3.9333517113354945
3.02033614403894
3.800161188949583
4.990495265913273
4.615361379187334
4.41133527424355
3.5042797671808987
3.389713759904018
4.699647194951529
3.0449002072727587
5.256631642698595
2.688349226483447
4.05122522803159
3.9742285557860204
1.7912872034974132
3.865021512226353
3.0661250832072175
5.160919653069765
5.106119270563117
3.9004515205699533
1.987394250160953
4.5632625573610035
3.0094141948255335
3.99361877113981
4.098338890880182
4.554047983012726
5.1873072589589615
4.094874213940775
5.406463622629518
3.572396051721117
3.43205787458574
4.396235451271389
3.903848232290445
5.307822128431544
3.2470324537849073
4.697826814387413
3.2181008274712735
4.1020211920022405
4.115375313481442
3.2796166099698794
4.058629907774242
4.66859176453254
5.407212997815661
4.672897427481532
1.7281850871595617
2.541748312333587
2.2578456764017827
1.6937972362029643
2.9126886810330297
4.248791975773923
4.352789821807669
1.8340867498558682
1.7818165205385323
2.408922257274289
5.247142088696827
5.070609274221271
5.349160553464287
2.4169721878050288
5.599254447776337
5.5640975899919844
2.0742984398377247
3.343638086014239
2.073677019661578
1.8119352162111584
3.4286479188777554
2.9177462015588413
3.0755529949343265
5.325177294615758
2.570239822650548
3.8682905399656584
3.7570801721592297
4.464966290952783
3.008751680998117
2.4004684559450395
3.522050894292159
4.083836112414485
1.9612682347737334
2.782259072038869
5.039168135949836
5.451147587931473
5.343187042659805
4.791134140329018
4.407083162982152
4.899331325243494
3.930725463272003
2.7273779364781867
4.272126718056834
3.89837733131033
4.509693129831314
2.624804004880064
5.405759523863251
1.8079175556401577
4.6622376940168415
3.955660549880984
3.457871346483361
3.268828565154963
2.2693636961191817
3.836428276981026
4.0576213598118285
2.3632257884549337
4.001597132387433
4.872269066186671
4.595225344933743
3.323136200099364
4.23105944970541
4.700606127922917
3.714191543220616
2.382876699844341
4.3195245702459175
3.780792200392408
3.632534938411565
4.569629859391142
5.355194142208742
3.389740720788883
5.350766249353378
2.3881425830769736
2.2451207216422997
4.25274726648361
3.6892181939606936
1.6580165040713304
5.215042010757076
2.5324388534141646
4.578889951132714
2.9997957970383875
2.159784585473879
4.559055915601055
5.035141066790027
3.335633898863051
2.2008819141758527
4.789560977645916
3.358514818212584
4.665537055308471
3.3982480042582686
4.534592640340023
2.4154408624577113
3.29904663626246
5.089886692465241
5.2798520134528735
2.5417385349932746
1.6663881829777716
5.261235752160304
3.7127621837322655
4.614691071365527
3.9367934819954393
2.804917468469878
1.7960443064594442
5.058608329377758
5.366254060757759
5.414382853294262
2.064182934590151
3.21690918515729
2.0787875864227825
5.136953453082704
3.9422627274623387
3.0133700620842774
2.577442731267229
5.389052237425892
2.645223116825516
4.618906994075619
2.6954288140592233
2.892755513973712
2.1612502874988357
2.837347479670083
5.176858155973059
4.82254053419951
4.437089944509958
5.420051468949868
3.470741838521831
3.725904960389913
5.006258131463024
3.010918238472927
3.5078242365159835
3.949654901276598
3.8721312167754967
1.9647619283536972
4.398492313783889
1.690437443919408
2.06594794018937
4.389693045202733
2.9570295868971184
5.111020240374616
4.341454796071651
3.812550199222271
2.0289261367990705
2.3382233801549708
4.656853656192112
1.974399776741849
2.0449896238463174
4.868289481023959
3.981251360581842
4.424797719012689
4.358919896889254
5.112355625851982
2.176529730047858
3.8456200619548193
3.2660968390486773
3.198748483618259
3.118635645718622
4.9196061542869245
1.9732351047486327
4.23760918711915
5.52930000763463
1.6179713797184259
2.7962644831498045
2.2471984404081415
2.5016298396575314
3.5623687026222526
4.7205297211995205
1.7524072025410846
4.818864281177671
3.26326482407106
4.208060804530664
4.040110770662306
4.012644730366507
1.9498775186873347
3.62186034098719
2.760265061247106
4.906774904893788
4.648828390177391
2.0663423217939942
5.168812800517719
2.508973503773468
1.875505119002761
1.8937560991165059
4.429145675586666
2.6431646058719482
4.790021970013612
4.83612617809316
5.332364088859974
2.101381478215676
2.7596987137312627
2.562654252742478
4.029443985013991
5.3340413428756595
3.1705663838757934
2.2653975244710076
2.06385179037805
2.4556127905749094
5.1776519421013525
3.25421587623708
3.343627407784568
3.1182775192520285
3.729556350657481
2.5419154801399433
2.272383408669675
4.794562744711179
2.4751836144569426
4.767075676481843
4.213913968762368
2.9972090489180783
5.470523986237653
1.9724158910351468
3.0202201332386296
5.586098443403991
3.7408867409822024
1.9479543718941672
3.283303675857219
4.606941347569309
3.178995584985217
4.439463333152455
2.066781464809049
4.421422886956509
2.0265172092997212
5.487801306594717
1.6227103996158867
3.6296306038868367
4.683971236371873
5.368259951270285
5.051705546602555
5.487429669180832
4.990750170713124
5.3613688033461635
1.695496889132027
3.1427910140913258
1.8338663852945576
1.953639767261302
3.1635611846391374
4.561401142675082
3.082684745850781
4.119363462569034
2.4531811875305096
2.0253998928539345
1.9498766959405618
1.7698796128881797
2.3380105192586185
4.467011604982117
4.522684038492962
5.222752715066714
3.885149495635979
3.431222850526895
4.262393918596244
2.8570840600901355
2.153509959547069
3.871893318023489
4.765690793826787
1.8813643302507552
3.734278471367548
2.8296058821107257
2.565118769686588
5.465748084377042
2.0085505708841596
4.693238689764383
4.263887359904944
1.9080780327279951
2.3043043411489696
3.0301716372429626
1.6979900196636564
4.795136178854126
3.0735170172170334
2.8081966663873117
3.0330432690253626
4.020918899050382
4.739168177575726
5.541707899158585
4.716400193579538
2.6243298932876016
2.315720718566103
3.543566165018412
3.3308109870207327
4.705649363544868
4.441977686228885
4.914208540339186
2.7521469000535856
5.403274414160904
2.9062569253862933
3.342164437956726
2.0416726779567513
4.441084199601704
4.891091323250102
2.40489409865323
3.6787609387675597
4.636156906612111
3.5182829741592148
2.055424167687434
4.731844031077864
2.389261208604347
5.077916278388162
5.528847554526113
1.9334829247135117
2.9933075492242462
5.057718861190625
2.248092284084143
2.5268338749851798
4.5983130306095354
4.065594955051191
1.9639885121968805
1.9449949442302774
4.328228290643985
3.864922712003188
2.3007356103938794
3.8720662938672374
4.244111424192067
2.1406756237485363
2.584591848047756
4.233417606158508
3.3657350039553666
2.483738703902517
3.7956346324401604
4.101553525931536
5.152509819076209
1.7128540063962543
2.967082352654957
3.619989812525119
4.9643006394371145
3.102570282948593
2.9921889135161095
4.330084717872401
3.102182169037634
5.143755504662062
5.405145673850573
1.6855283741848748
2.65368683214104
4.773748525149915
4.10006609639458
5.527850138947024
4.643605077364519
2.118700943254685
2.090871662394203
1.9451498885635279
1.8451837537579632
2.7171732302795686
2.9310334391857684
1.840816800807488
3.585787247247784
4.0462003011613294
4.7103818872050605
5.231148830817602
4.656760015925922
2.192690106331422
3.7927445572717002
2.219302103497904
3.072817027505761
4.919494313645384
5.008002873407505
2.2811062464234837
3.3577020638591133
4.447206904508544
3.5821738653641795
4.350844479850942
2.704092365108475
2.8386291205364818
2.186796128323825
4.722383255910161
5.2054842020585905
2.011259979989614
2.3664651555773792
3.546276913326713
4.764787625294687
3.256938528044191
3.0532611266264094
4.874022753303008
2.408581223231758
4.505964725201436
2.9182326827744585
5.040549622967662
2.5450476418563768
2.566674070428669
4.663982060139869
3.5316470477741504
5.370003668084154
4.534808796393262
2.124982789613218
2.4112802730332565
1.930147593565359
4.509302327515442
2.2943445423552484
3.3165604172450505
3.1435572106381375
5.448612545535725
5.554923216070232
3.554532743059141
4.374454736196267
2.8340980246265377
3.1937029754603437
2.7800924323350373
1.764957202529874
1.9065074803362214
5.0013942430239595
4.897310898793628
4.981314034160018
2.6938526052337113
4.600634457622519
1.852817917051317
3.0691707376421955
2.1134657845136937
2.6339992995375368
2.913058041208618
2.6393467737663383
3.641055623045491
3.7694186070582587
2.68340473004706
5.276380413852856
4.269873197938628
3.3087958216880127
2.933027326295064
3.146667856026466
1.6713165798844543
3.5077716530187
2.951783925183732
2.210509946207046
4.057981056395681
1.786764039022947
3.255635510377274
4.543768596562686
3.6144031382629374
4.316545493612853
1.664929635742073
5.34618875433412
2.2854831087271554
3.001650331715095
2.5283880207533973
3.6242161356597813
2.9398484052666722
2.9458655395813667
4.980115065359695
2.8387551946213043
4.413957608836144
4.7463410618203365
2.0576983694889215
1.77968707527755
2.2060031022062074
5.240108351838564
5.370056722042478
2.977592681459364
3.831658496280212
2.0074367273819678
4.519367999661177
3.983838265018141
2.5361059032929503
4.8035661304527295
2.7483145662909236
3.548429892263136
4.388258395727421
1.9531728231103496
4.636089598425654
4.538799330775099
1.6331060332600442
2.765975480670917
4.846879019856901
3.1940102048898056
4.386283775091782
5.587431446533456
5.571091872945208
3.221812022764034
4.218979864982481
4.194299181291487
2.4457131988552603
4.698616040706119
3.7947021432039127
5.13444846508429
4.6022941844148
2.750329004525415
4.343777524853924
2.6343912155671996
3.298985129518217
4.062374310857047
4.101256997046875
2.322588018921162
1.6550081515121393
2.6605559383910498
1.9631750071703582
3.701524391907798
2.079197844645996
1.7001519313033664
3.711901515840134
4.717430876071558
2.7288912642644574
4.686622584966834
3.1798985091701173
3.855947503018567
2.9767402515885593
4.581599191459983
2.57711273697236
2.038604351883492
4.2506271652993455
4.976133848216559
2.807073433262469
2.2847614909712712
2.9952386501274417
4.74382885398647
1.759391156187192
5.0193340420583255
5.051303278810822
3.296763258886317
2.8622308723319003
5.400129508757823
4.437554496379859
1.6929561690866777
1.8527785712209117
4.110146750088524
3.907052457056654
3.805971358585799
4.416464910422638
3.374908938176283
3.7655736420163013
3.5194159208909235
4.316876644326859
3.3852656174822964
2.932438672147099
2.022289623285804
3.4409908983311532
2.3667464829520566
2.6200804409628353
5.241650164588601
1.7393524784695447
1.6425061062243675
1.7440493340486984
5.332232463536296
1.9730559254061562
4.473465630730837
4.761969181516577
1.8618835721579012
2.816487193048305
5.278618139864429
5.477918274992193
4.509873598004699
4.348710670706847
2.725729228438715
5.344648966720865
3.5336470833754796
4.99859279997691
2.3601378520536467
4.508098630425005
2.119755346069542
4.273888473715337
2.952217858083166
5.3817554622473605
3.488462023628162
2.8522098313845374
2.186091101250241
3.9321319762095235
1.7095384396165052
3.1486808502732972
3.906816989359988
2.282051246672065
3.4738301787553123
3.5009483123539704
2.966055167685093
3.8687633344046546
2.2603463592698123
5.000732195689974
5.045988133847656
4.073167766034775
3.561154467865488
1.9396805908633628
5.021467916609819
4.578218662489885
4.1439421266962295
5.054511891775894
1.8148352767676097
3.955981777439874
1.7859087777081504
1.9282646349769572
1.9062238263990672
4.693950858379628
4.844802877050158
1.7995855156452456
2.10858769996509
2.9272183744071323
4.0176005287079715
4.2078489307753815
2.0285030588139534
5.381447640214436
3.1324688546402313
3.825916317607089
4.397659871217306
4.221578933511486
5.338290984574931
2.1127094804143365
1.8840057788614057
1.8363769198976638
4.200239447611905
5.35393528817889
3.5529188087179944
2.8884504859160782
2.974108270922635
4.51841234080589
3.799066653828869
3.0846370337889484
2.8802470183783515
4.570034530422421
3.233719547080111
2.4694227553095383
3.4498937804803744
2.3067966752453777
4.375120893151145
2.5042428037782463
3.106423151275008
4.9348214640404136
4.636346203000466
3.444477556261941
3.6815959522017123
2.7610021021976263
1.8250463871658615
4.922172932857926
2.4694024106924255
2.0773550558490084
3.966290063231332
2.4155471407396947
3.646431944729521
5.039255507573769
5.53299575549716
4.868471440298985
3.6097591115881547
2.895606653936499
5.598665241829552
2.8609596690311827
2.2890378590836185
4.3409368484818
3.0439054777923484
2.962767728260668
3.8228684748050075
3.1699758407975684
2.6409283697438783
2.354084117479954
3.356264614924586
5.337274431509158
2.269809154515876
5.2151028935758585
2.661800392972659
5.1231690796988865
3.361885762511681
2.377932584628724
3.5572041393693405
2.006805855433665
2.066661627908452
4.360904267501407
5.32254888488686
4.847327748864733
1.9576624472100246
3.4055580161129124
3.9815915792760337
2.989785008545688
2.702152140908766
3.540782351341243
1.9094685995078553
5.3570277617381254
2.6045375216202453
2.7236414581542245
5.560172292406548
4.168578815757716
1.8395914688975221
1.6490579809372927
3.6746291668145092
3.265387436639692
2.4011426793895336
4.1137024250217085
4.794983171576984
2.7362813174109553
3.33528527480727
2.902632771524768
4.311695106266846
3.03700867968335
2.408481953321698
3.2138193893941915
2.2570802697207086
2.2524411889327944
2.5183648078831884
3.9665736861462095
5.450520788117995
3.487533993487216
5.480049925981131
2.7349827512452376
3.1481438895719673
4.968015493595692
3.5566202584458986
2.4570197573418002
1.6003392657250202
2.335956577019558
3.582549578954123
5.0420630911623245
1.7989785691097424
3.440763852113827
2.2339262260820925
2.9135582764790464
3.479273913059026
3.758151059140199
4.758704222949383
4.927634325791651
4.561347806918517
4.691988008994028
3.682198020405935
4.007665950878516
2.8699148911875434
5.557979530288616
3.620622527550985
1.883822229394375
5.335615361775876
4.347079403774512
2.483738137593853
2.301952077671135
5.50126357059855
5.426497099912191
5.41053921927621
5.302347390467456
4.095647728543049
1.925902400427594
2.421372598099403
3.6542464920168407
3.0533734272309725
2.353321540221969
5.204230308919623
1.6163185531168303
5.500282059350891
2.635245916658183
1.8772790998869322
1.7438921054710703
4.767287520167848
2.7238734884755336
2.291893014840572
4.781991151355893
5.576925724954956
5.454904463602552
4.240437998008954
4.491220588432023
3.326778754049451
2.5893009308311914
2.8716021779567105
3.8063269422911907
4.227921663797149
2.931189303636624
3.9324421863064707
1.760010264744896
2.270488601975517
2.691351173936314
4.194447448428797
3.3715163631490483
4.280173876032244
3.393603141831461
4.2107473442945675
2.6951808389163276
5.154152194049249
5.542064522269853
3.077786557636278
4.979276447971559
2.035196690653561
3.592071585960299
3.5492067681919783
2.774359194408845
3.843865199457014
2.227716933076938
3.007559339346768
3.9132608056950287
2.8520848693281198
5.444054973987397
3.829469200861193
2.7108802443737745
5.490183383971408
5.074358960272328
3.0587084406668983
5.257570317611556
5.468840751515031
5.55300985834662
3.2975051280941643
3.2566356441834583
5.074614769010552
3.7184897838761626
1.7379622149583382
2.2389880188235938
3.3048149182811892
5.264528021972678
2.7724383814299274
5.5505460385716585
2.7987187320758973
4.815097020600005
4.0147421864483235
5.103391047013925
2.1785992891348096
1.705507792933234
3.914494811910648
5.454677397062672
5.276114767684121
4.345574571129909
2.945300074803094
1.7375277545612096
1.691911346526798
3.350453384562516
1.9345668539601362
5.414094211138029
5.449641084377957
4.770793197276628
4.928860376026602
3.212673719331897
3.3374331517005027
3.5420045653619097
3.9198655549491086
5.085632956590895
2.4926994319988753
4.419409412526134
5.297050352408687
1.8922532024470948
2.758681399271068
4.972557937355618
1.6469662252347912
1.8602425482208615
4.953323601168315
3.9043773742356187
5.578310671357128
2.4670867430428
2.314838993254491
1.8536664956616704
2.7020914960094347
5.215965510833175
4.820548776035297
2.0130500781802216
2.4493743471857887
2.669661862491283
3.04744811811568
4.18756061998182
3.658181027848882
5.178649883405763
3.449605426014342
4.150367977492589
2.626468373093549
3.6958512346494934
4.329739913690986
4.92096623708523
4.806138048952947
3.176133642654269
4.678643750553213
4.016832891934865
3.7475301276013755
3.7271074659434262
3.461269319688375
3.739729486308587
2.675286654727237
4.589854970582435
4.403331019491388
2.59725895434236
2.7003859764527527
4.62990221956094
2.641261726298832
1.7828135973152404
2.962977491038486
1.6546049577814115
2.8968348250363336
4.255523802807538
4.261026513975487
1.8631093842488937
4.060544377515042
3.84994486893319
3.2711848167555058
4.52192300708073
2.2383101379349024
4.453710325941477
4.197124384701347
3.5712123330961973
3.1020669916426065
2.780221488689911
4.986875921560623
1.9940044716469814
1.6363450033967157
3.4534329626387246
4.115691056923643
2.505687899382412
5.142667584719212
1.6670025436962796
3.407387368985511
2.565742898167139
2.5268634129126255
4.066423182404346
2.317055399898568
1.8056163459305719
4.673856408207692
1.667274900421043
4.086650756803005
4.106245698758675
3.4256304015225325
4.046742924463246
1.8617666801044002
5.404732142218551
2.3159727643426966
5.0704938880931865
2.7965085308193003
5.1241906434904205
3.662938220973502
1.967756610071361
5.237689821883129
3.764675797360528
5.156398309914037
4.100248413658597
2.998894429665371
4.384717169655672
3.0508331353084155
1.9647961611613405
2.708973211795686
2.443301942677866
5.353043260626873
4.758219841495464
4.198661737855904
5.393664209416368
2.0408087990698176
2.5108583444449954
4.445541238662916
2.4922184225875514
3.208879898956121
4.315608660150282
3.995312446194135
3.4020654371285843
4.448370047765305
2.5746661876788215
1.741565057396703
3.367023888144446
4.170354897516534
2.3759420356419128
5.45439404354295
3.728518322067014
2.5588802521951814
2.679096940455483
4.213720159248979
3.0590647830389517
3.6993411310263884
4.926940773718292
5.568199436836278
4.946834831184616
5.515007934407841
3.5060401868344315
4.6144229439117765
4.037070364050637
5.55761499510937
4.1817283679608375
3.514850434932778
5.016377505687167
4.38068164745934
5.590385121825172
4.859289948821091
5.403772235641017
2.0310109347444887
3.5194739364259733
3.5360452672754343
4.063567619262698
5.545508271906721
4.986686140461714
2.726253542988662
4.551140612704211
3.4225823711951993
4.76586928746687
4.4897455083744084
3.4705761790367475
4.465723787390843
2.8950034174549777
4.844369218881564
4.751285973833749
2.2891184801292463
2.8158887974196
2.980412686065089
3.5601280561162354
3.6188534629615585
3.769750183668736
3.807641723267412
2.098593873132238
5.283241905624809
3.084169936997555
4.872727935629976
4.654296740415369
2.2948306992823304
3.3196767070374773
3.618372313055623
3.1430219643802304
4.282687622293733
5.286250598212932
3.6082781026048494
2.45785107974802
2.564186312169553
1.6227537626246384
2.2819841149467432
5.520648345786072
5.475103560046692
2.105221105642495
1.851462186885969
4.666493039744804
2.7188398427227596
5.114805966368377
3.109498437641927
3.840307895461466
1.6760194792295082
3.843710339899707
5.422510062082731
4.551118648545874
4.67406335604235
2.344673710014542
2.111847480664814
2.2713129992979533
3.920446977464601
2.719095112354446
2.857824662045679
1.8951934667041495
1.9133545749599836
2.515845288844452
2.948925631982464
1.9296462067278908
3.1537051078333924
4.381416310652003
2.536534706043568
2.5613605544373175
4.461592965332963
3.282144409872737
3.2389836345397396
2.8091343366627917
5.476151292578127
5.0611818841619485
4.4377191211263876
2.239798607426619
2.9542948927113732
1.934566005910208
3.0869942569258924
4.020970084496167
3.860617731242642
4.484526236931331
1.943707190703817
3.383289309262342
5.405883862275752
2.17357034912293
3.8949366859713095
5.048908130628557
4.922735695958972
1.7992949577161714
3.1075245613536264
4.588120311727514
4.5806648382820985
3.561397490430372
5.436472831899668
4.867730532156294
2.090764063867124
3.7671764002429455
4.265182564179497
3.7586141316775064
2.8890152243151275
3.3313118749359756
2.2617364727825024
4.029766916235005
1.6279099126935344
4.084566495742068
2.052278704160345
3.6089978991744953
3.508444587236793
2.81949610364475
2.4055492966327923
3.479349248223581
5.4423172964294
5.012804891227544
4.244135829867471
