3.830603716871908
1.7989695182011607
2.7875050262530743
4.540345755619914
5.585465193241937
3.8249690970707126
3.023406321098397
4.5593796203170385
3.1702365207983454
3.1988625637401036
3.5344960090448745
2.6380873640393574
4.0416063228143315
4.464209181735473
2.6350701500114324
4.0398009391632765
2.5769098116097635
4.243360794500544
5.007088395935098
5.073725158645274
3.210393742219482
5.3119905481268646
5.33249530081728
2.593705981535076
2.6763658639759083
1.8901573367681057
4.529294233489916
5.084212516935164
3.9165863586538
3.925732556377202
5.331731883533235
2.1927202882248134
5.381903036295892
3.4375661232051944
2.250143180448405
4.713852952066004
5.175480840079479
3.3627255130138924
2.839047460299024
3.2030240130571603
2.0633478140282078
2.4247566735290564
4.325594738289591
1.87290487606482
2.510478812366958
2.885480662952706
5.314425268768495
5.421283286415376
1.7799226419729903
4.837911182567882
1.693133714463595
4.609705132739478
4.333197511277003
3.5778417856670495
3.714144856182055
4.495847885731505
5.14871048370537
3.369149492455815
4.251700700457949
2.6982977187057466
4.0529689458798455
2.290752509094204
2.488260614863209
2.5328721909231806
3.3992556505767784
4.602449964541124
5.493752909651914
2.542947024707496
2.7345660526328026
3.7880780333260518
3.1583739343853896
3.406787631360741
2.6314997234975475
3.5853318212514695
2.043782535478087
2.455390816759867
1.9154094829028234
1.661647319717488
1.620909662770862
3.5215937650076876
5.155319231246341
4.991654449112826
2.7488618230474064
2.3835371315457996
2.240271689892714
4.8968955564069905
4.184177498587164
4.774930033495424
1.7218271558040694
3.149087111508198
5.105229731345511
3.770302064928999
3.8589764410105314
2.6166746416681663
1.918073793139734
4.20861545324267
2.8136062355662688
1.6577659915527594
3.747922428275697
3.699615420121671
2.115701027000391
5.333522482919403
4.7231747304629295
3.330039658875397
2.3604437180645133
3.598648215458185
2.121246932286449
2.7170832123390247
4.868552000690185
2.367706115931755
3.390057432344613
2.919219935866088
2.671892677831495
2.6393709433556594
4.142433358523004
2.5817034322078256
3.9517000655879375
4.751856767848
2.301106141496144
3.3138954879448637
4.392225407369661
4.153524658744686
5.47656957092299
5.220187978542672
3.7877032939389355
3.7523776113798717
4.446593525412835
3.7456194646394185
5.2796828705783385
1.8803374443515075
2.668380050160976
4.04265093568311
5.489445833927647
1.889136864292046
2.310313885700812
1.9862686202230977
1.8348364567353546
2.4133860783150425
3.312407316331991
1.779622770929672
4.14849124226624
5.24941843787002
3.6513583263506537
3.604511218376553
1.9971284921374162
2.8507497978245597
2.106506041630061
1.7327441764876177
4.257026026493404
5.181654381608613
4.653608736623746
5.195047410795558
3.3843324549382836
4.546502075329707
2.6799579349272427
2.6000339090941385
2.901656487160482
2.8073584507165346
5.038779872186071
1.8326502422275
2.6440284703137484
4.540887216627744
2.6412001250556774
3.1207327546751316
2.0685442702728447
4.3111673147602225
1.976233858610104
4.965545578163564
3.610955827152058
2.42164529949746
5.292148069699506
3.6372805232888883
3.1643688725321337
5.182892137293229
3.5246096642222384
2.1188939467839876
4.858725507516018
3.6949855145225095
3.834584740381881
4.976023287617746
3.925454434790798
3.6803147416001263
1.7210734813457247
5.519139082181962
5.5645518449344005
4.572714309603926
2.3998967877135238
3.1569541311585207
2.8968815296107557
3.2380116148406053
2.1054670147569676
1.8594514800183362
2.8019845490142306
4.795857007834823
3.7347271297469784
3.2703529148793513
2.8751972184364836
2.6906775690701212
4.594946114674621
3.6804104358272807
1.6344454206862569
2.0874559387194065
2.868443105054438
4.507222906517176
4.738826707826986
3.89243996944565
3.4072550588670842
2.7184491062074256
3.4165685806538084
3.0566616394405735
4.566549127392534
3.122110903728881
5.158327732248402
1.9126814640250598
3.9158697724749945
1.82440240188185
1.7949045516166602
3.5686900846840146
5.012397503629253
2.6076741213783188
2.5814596981679263
3.89513552029875
2.95459546332293
5.562417123982714
4.787641967639353
3.080539244490105
2.8295530874899497
3.993045663230268
2.9618067065515636
3.6301683893143397
1.7162892922268806
2.6005020406020343
2.484528355681167
2.1336302193047483
2.0510456378638846
4.665299463603163
5.356782881258733
4.078817136588842
4.846912243939114
5.51438426213586
4.325267537406957
4.458631256429481
2.417378975799607
1.867092902426156
3.8848653652184435
4.16412878866484
5.0206015191320015
4.776849003154844
2.4695229185592815
4.953054439227797
3.6459049600909372
3.328359312470239
3.9614365866215464
5.200052799213818
3.546691802450371
4.829808756224883
2.4797394302869287
2.4015419721030593
3.574461372658411
5.195439192437928
2.540886897606971
3.4087747000336748
3.0686410291336865
5.250490371726013
2.355301886742137
3.5286327578371317
1.8907723729024042
4.963208174650667
5.5052106814551705
3.2292415321279653
1.633119432532275
3.7279532840947063
3.1228662048066793
5.104287615033263
1.90565170656869
4.063378425916937
3.640273541099783
3.9131244058787105
3.302388496402475
3.0073050871831652
5.55152731115978
1.6256049689579166
5.442087903599568
4.3839821187059425
4.168313956424805
3.763089785577197
4.887459561307836
3.6499678220507903
5.575729547347439
2.862208073460809
4.706275068015716
4.18019133126641
5.575166694860959
2.7300274290331368
3.245746694268005
5.358504474716412
5.30715769986417
3.671458739289664
4.011077428757108
3.924237892262918
3.410089060721111
2.1237747283672497
3.3767332370957033
2.1613073274491565
4.690036540525547
5.498209219067432
2.6109750818212154
1.6384232698241177
3.2967120091955446
4.24619334238495
1.744999157439564
3.283472257916298
2.7262199263728584
4.23596817539127
4.6040536126397935
1.6733228593691556
1.9619074203122748
1.9601253284914364
1.619273441535717
2.675500829945941
2.6878304480286688
4.726159381050856
4.14334669558298
5.009020795864474
4.674540923134723
3.1538352863832797
4.814120212689324
3.5348964796810374
2.1787809912918337
2.1930412417102922
5.580018591048537
4.856210543520243
3.0710637884701497
2.1084748145811893
4.7446281161053445
5.3985179721631615
3.251644714412707
5.35621779304112
2.7491077166652613
3.28301527772309
2.6947003791780078
2.9436136477290895
5.255882432633463
2.4618571077425795
4.9184839633517425
5.3973856321422655
3.207618353253005
3.3004903880172143
1.8577647605380454
2.424558495477283
2.1984133550294747
4.520661867443801
2.013060046828501
2.222851296656938
4.698815111880558
1.9958094536998838
4.198641327724028
2.349739969800786
1.6119840231288078
3.310744130965827
5.419265097254049
1.8034896775959721
2.4731087009455615
3.2875169082493345
1.7881391688020645
4.206359331893898
5.304156550859506
4.538083605552728
4.316271383155263
4.93963762735266
4.564483711679179
5.5805027325551
4.338217660151523
2.3161668682012837
4.820482194223488
4.41665256195806
1.7907004948384655
2.4568792842867024
4.177087285733007
5.065588551453265
2.0951532682389504
3.3891716746761733
4.327837458485913
3.5918455155217157
3.172330806140811
4.0244450883232545
3.5167632194110654
2.196534084867371
4.054543915551585
4.4095529139399545
2.2684937036258765
2.6304381673516044
4.572708221910813
5.340597009422323
3.7468624558625385
5.075723877324955
4.134649279564773
4.840810052895417
5.252160799939183
4.754846661080787
4.094226942571678
5.044192036568354
2.0114376905131905
4.631104594140263
4.517129893817971
2.9875143803898347
5.140639727374472
4.435202701912334
1.8257551115911
4.101807494171
2.7994568037943606
5.216770381998589
2.0030345448422477
3.6320551477242904
2.681350645609544
2.5853973809374287
2.193347344702528
2.6252646266016537
3.230871461655179
4.1201041578797835
5.21398309350227
1.8337196032041296
4.93778341439309
3.637462566758834
5.383456367665586
2.6806488478121544
3.5205878286189685
2.823188199611224
3.5653058413982484
3.5950326194669127
3.996026833967836
2.5666500788448743
2.3046351911345764
4.635667097008337
4.556827666756817
3.922188040440421
3.4044545511830813
2.1977181809592925
3.615785763442714
3.713925984207015
2.1402693940718254
4.645632744191712
5.555472734317438
2.452723190646361
4.090190669707378
3.5216278293741228
2.073628345964022
5.149018834236774
4.393394990458174
2.500111320258044
4.1410505693800905
4.9161081881202
1.8001240421257196
2.288334664248429
2.0645499356462955
3.8530413925470217
3.6120671262614383
4.239618214496541
2.8314526564557716
2.9105638326477004
4.6951567000166055
4.8868958504588775
4.888832265596814
2.4810658778120707
4.572202605739545
2.720690276643352
4.102609818726538
5.044891045721554
2.676297062669366
4.475061229420597
3.117106146309518
2.086625442797971
2.9880929392409676
2.0536023214704295
5.194438605605989
2.1731161737800413
3.8960328173942247
2.988006689470265
1.9672804154434567
5.595113614297202
2.799944654614329
2.5958088478248604
3.7185078933765445
3.0470273265591254
1.9132709604214067
5.303047317246413
3.088228795936874
4.480204398583714
4.365208966793448
1.9754451179398353
2.9152863464842196
1.6318513964187504
5.1527684188433795
5.435805593391386
2.0488484070409094
5.293329060183847
4.763944084679871
4.4966508163012735
2.1035996915745843
5.308938803386241
2.6843192757714682
1.9642920458019582
3.9065760618638143
4.501497230760267
3.502342395914792
3.274884335272371
5.335589635186515
2.8043808370327765
2.4775701115348756
2.810685776147934
2.132495708880992
4.0003656658091575
2.039473902438483
2.5623259668059113
5.188927430946
2.6979755087481982
1.6799444392446317
3.7553317687193863
5.37933456093509
2.646979530848088
2.104292976954206
4.43549109410505
4.57966305534475
1.8762991384989398
5.509889297014443
3.052569798968813
3.821948142165485
4.817843077277036
3.6294194425520074
3.923291183424403
4.0761826785840976
3.381947931123147
2.1288446294001573
1.897387597366364
3.917133192477421
4.306473823759599
4.9073749308666095
3.536285938071899
4.803978384978464
4.669525788291237
3.0603645768342127
2.769372682564491
2.222418309721634
4.780462997607426
4.932520766249823
3.2225602661925485
5.506819689303793
2.1805742224978153
2.7811697085761815
4.347819864731667
4.15548827659142
5.412445461993957
3.749117080936886
1.6387935018444408
4.860906298248032
2.1303095394225817
4.587954394874387
5.369167091930272
2.0045723813631775
1.7214648121362401
3.327815586285558
4.316997218795992
2.704251144335465
3.0805764677652987
3.224535221033666
3.4479508177421776
1.9967466494668682
4.716558970135875
4.184332069877769
4.38945878149838
4.848750717701481
4.92706055376308
3.949565271722522
3.7217758806967245
4.652811663040173
3.804116739955643
4.731705253828276
3.8728959294855567
5.474416370834778
3.025672078194826
3.4956557756575455
4.389889015113516
5.310140252360286
4.087168825859178
2.022161715100901
5.40787397497049
5.087987344225025
2.0656128816859254
1.7623141144615908
4.416217402031974
3.2895783507753174
4.509108947105887
2.613963242100339
4.103093749159264
5.193450926902018
5.262333072890854
4.067809392061015
3.259741144666173
3.0349768845418628
4.615627855543361
2.964943904907113
4.792767342902431
2.552239681331251
4.038583091467493
2.1774939076909785
2.9659887216399685
2.0540061620290007
3.652173619633896
3.772135670266879
4.1036189701390064
5.1776678127343825
4.629900482607685
2.0859286539315867
3.9311239785452092
3.5210239022167253
2.4368565852415154
4.126410038287888
5.4123769514176665
3.188978341716277
2.5112176626830247
2.5934155743005918
5.4994988492104016
2.916193957823977
2.5806891317523646
4.307190080323977
4.5719442865600275
3.078199466843162
4.205713926945784
4.252711263991886
5.347076129727605
3.3279648018063424
3.1954318506128763
2.0816410115786983
3.5531108119121475
2.665826828472232
2.100859294828213
1.6477692894971585
3.2584681304983047
4.796036578006262
4.20960647686082
5.365398805825875
3.435188739480888
3.1080698629385655
3.6081599592528035
4.859770670190555
5.271833519801826
2.2171546272069294
3.698413700640944
2.022940491043987
2.6183532839652024
3.4577251254483303
4.8434854994356105
4.418729899408655
4.771752331037838
2.5134664397755797
4.3820314583418485
5.56660107390058
3.7764941455085053
2.597897475426135
3.2918809088243974
2.235619570680514
2.316210882141455
4.249613298152395
1.9042292825883531
3.745434169037025
3.8314262378312973
2.2437938265683464
3.1027330096171126
1.6862927887772998
2.4674519189424866
2.542651533913633
1.7618224661285393
3.662648198742414
2.360957142719801
3.6161176231686625
4.047468955920836
5.592838190101206
1.9088832273458154
3.192652433499009
3.4597877657143306
3.8680505109992076
1.7933898743089234
1.958741359709577
1.9783637178372246
4.860012968746529
1.779918079915467
3.6739091408012223
4.709422684078465
1.68340430126363
5.037132695675126
3.4657173597238233
4.491749603019924
2.266792470066748
2.13280556160553
3.8466602238275014
4.906894192645556
4.682397357663163
4.146009017487928
5.568326911377523
4.812178451347595
3.8152794649487096
4.3955277381981634
4.394180136593851
4.833504748365861
3.581576198843678
2.713722931146351
5.312737505182218
2.6378106405399535
2.7179531468404354
2.300629317181142
4.483832622231253
1.9346539357613923
3.0420943956409268
5.313450346669896
2.6338738636675374
2.609096632878591
3.1370495700578025
3.86187433206324
1.6538727089474299
5.415422449417763
5.4352523223377425
2.5036615847499277
1.8818389177829213
3.9173830669390206
4.073706161928511
3.7720481344824166
4.464439453837739
2.559314035702114
2.1567716525171474
3.442015337685289
4.446110707397384
1.93027880267516
5.338980235968513
2.2123228903469427
4.269188709781314
1.7210426612599883
3.2215500051566703
3.269016381574018
2.1498187718095005
3.9876162805907627
4.290753177955809
3.7853984020402294
5.309855831897805
4.999678122450975
2.1577082421085585
2.4096469539928242
4.475630437935433
3.1887046264666767
4.5962327730237575
2.3132134504645867
2.7913649055162337
2.1752081974661457
3.568489484052757
2.767076083677511
3.657138676266468
2.7957404973755815
4.421519925101183
1.687607481786483
4.802162796562998
4.088281357067666
2.012156540607957
3.0905294702872204
3.3743720190196203
4.073439695186858
1.8082579382823516
4.725012854206716
2.2396074835142827
2.129475598235113
5.293293411409594
4.887517550685763
2.0500708834525088
3.341170007986668
3.9459979369014264
4.578675043817521
3.616937420002261
3.187289187954838
5.2485644848948745
5.54281335794515
2.4486994153047257
5.388877975458518
4.24341324338887
3.6697813670025696
4.855571625120939
3.913394077259422
4.5002718032488715
4.470842400815828
4.834473890112163
5.544587134222545
3.8508510463848697
4.252203782857377
3.7799863163704224
2.5226725479263177
1.7508320760260099
2.271098460899947
4.282390806715761
3.817473790134991
2.5324695126797594
3.24177235864853
2.6947597852020087
4.24652801815247
3.1941846451753317
3.5759036927739345
4.277140946120823
4.935162643480302
2.3466089892242223
1.6634856359341952
4.615152455712748
3.5538225297432473
3.175762564626234
4.520493499596704
4.8893829919217415
2.944999549030482
2.573926904619561
1.9084541463290692
4.584382183631008
4.985613483866053
4.935053457074611
2.355164353754304
2.2928841351067275
3.6079999622702776
4.989389798335651
3.1392146564075016
3.0421857654176527
2.5308741497913405
4.234539481326777
3.9442266279897367
4.628576367404053
5.538170345559761
2.9641485245787105
1.8071939545410705
1.7767991731779587
4.042438428902026
5.165110002389092
5.015185329516598
5.354125007555587
3.4766244960741823
3.933290264041668
1.8595017549564972
5.063867599829973
3.8617392956107746
1.9679398594222488
3.1997769473990854
3.6468770516534406
3.8897641851337834
2.8051947532409827
2.6716705294164935
3.0087661346980696
5.444093767840927
1.7963366732654293
5.390603962834401
5.0870645546065685
1.6697026081925865
2.8184237417185996
4.595786527315093
4.78088117687099
3.98451157776512
3.8229857698369893
5.587527497940547
1.8634673674411002
4.028606086585789
4.76348984168994
3.043925482485598
3.164061969481603
3.6793393489980173
1.694521658886933
3.926931390568911
1.7477495602910365
3.7181973521227003
2.0036901862087455
2.928180650970258
5.331534313212182
4.601144574608897
1.73784613124919
3.0806311602213103
1.8966511692084436
5.184899235795594
1.9350453629238085
3.7583527459564623
2.937931409480553
5.2764177921517765
3.7763401628555675
5.2903772103998215
5.2394285060474255
3.043404949126762
2.184574308872519
3.9208150013749665
3.9583389552797903
3.215905979788332
5.067178121466659
3.2834359711849945
3.040129041542145
2.9656647757252954
2.639095002676177
3.07393894307619
4.443776466353669
4.67019706460047
2.586593211289713
4.76171214775778
4.618390952623457
3.1881954297538786
2.7354235879710673
4.7433256452864985
1.9339220307741818
4.434412520241384
5.21759811449624
5.409589423754669
3.255192198851497
2.10510389454451
3.803340969268864
4.164438976729171
2.539406103211095
1.9953033470251977
4.486818035853553
1.7884664814933862
3.648593470493643
4.7495985649081955
4.843176638361287
2.415632755220424
3.7746652744747826
3.802850887640076
2.958661559992605
2.7841849940831778
3.664695898689428
1.7410067511267764
4.8565244544727335
4.796225099190165
1.7491536208602678
5.5571311865889115
3.2699839159780617
2.2552481617590834
3.8280027878471117
4.427514099727674
4.408249731767432
4.117719682243969
3.703457046287639
2.3374829939916633
5.212739449662738
2.531356105648357
3.9497670927657333
5.4951210852481065
3.6249618924391416
4.486179604130888
3.4333334981292976
4.725635416963508
3.045225803923108
3.4244902293361834
5.308236156821721
4.05798357496363
3.0187204903295406
5.302456353084644
4.141599393169642
1.6557995731131676
3.554966277845632
2.2575580314789216
5.194740645645773
1.7594706180446673
2.5203580845806544
5.149476238627857
3.6972143357123834
2.293262339684497
5.3834024288701325
2.4010081413220457
3.371959224008443
2.572081854655874
3.6235742143207186
2.8995965895646827
5.377793844146445
1.8939138172638827
3.9772801512927183
2.3501051629899146
4.092232808380212
5.421677951006746
3.925043303556445
4.054652770579491
3.0539093680134486
3.5493602818446015
5.3201409967174484
4.236632788945082
3.9118554253740134
4.079064969783948
4.983688045515699
4.909260121216493
3.928788350331847
2.9555616162437777
4.187708783751292
2.3811741739995576
3.6568865479297585
3.5773457930083152
4.967926145558742
4.031782739270162
4.241733662795006
5.359351119431709
5.020492395091251
3.99986943246399
4.553531580439397
5.2208695428717675
4.672025908531968
4.0148913166277085
2.2615042636418132
2.673069652188905
