4.099208336609905
2.9776914563859798
1.8780615141233894
2.23850209877539
3.7095215961920514
2.272579784889713
2.6916577472747205
4.446359708741092
3.4188065201826556
2.8880070655493038
3.4950840566811157
1.6945383105279483
3.1462284190458796
3.2836747168363036
2.3521572190052518
2.0350467697816534
5.199274001424081
3.6404639237147056
2.4363639702070805
4.022594560136066
4.868158673511548
1.6832724340371494
1.6714580833111814
2.185846961597384
4.47534189104716
2.2409103705188187
4.418422511408011
4.31270318110779
3.778808654315618
2.4823989920907064
5.502378071271534
4.791243430824604
3.666398067797572
2.492783120986683
4.194025672397025
3.1795920394331985
3.9033838511522267
2.884983237380501
4.123791445085388
1.8351404648259653
2.7944237984920535
5.471613240603556
5.102136976940637
2.825546481332984
5.034057625426238
2.8414545094125363
5.35715372854113
4.575368474668485
3.264689051060102
2.6094324091193415
1.6339210498546755
5.114871592835387
1.7516661223943224
4.877656442451189
5.448804500723272
3.881122280980721
2.2860683807108746
5.0711242577399736
5.495100944638766
4.416092569320286
3.635494984311562
3.1118753373744323
2.9877235382504868
2.423047029178819
4.296612056987456
3.331800484401265
2.3764745799407585
2.0176968913660613
4.2638301131147305
2.7842906923326063
3.5991996889472064
2.9013826195039853
5.086486029694221
5.198713078539125
1.672371934561887
2.4034120457630377
2.91096282038507
5.5481988717121045
4.730801502917503
2.956382591403735
2.452119185523255
4.297820278895053
4.950804280615857
5.328749887574509
2.975399259163279
5.129572809865854
4.34844072861463
3.5379948904499763
5.542032919303191
2.538561739484154
4.501860744965089
1.938720921665937
2.2787765671775504
5.2439511340322715
2.4518727799656967
4.636464730865761
4.000835320528998
4.96452878282342
3.0724319976225964
2.9611409400079522
2.7648611496445388
5.069679294347611
4.015930115566845
5.417229828688759
5.149060418867851
2.141383909581812
3.804681896276866
2.0170999920584545
1.7565511943876424
1.8927736753293942
5.064673429466288
4.752465794900905
4.914023885876454
2.9635898564663337
4.060744130236147
4.7276144065310195
3.1121585153535496
3.8831261023960932
2.494856290995077
1.926973049409575
2.6668945719269455
5.1630725114212215
3.8577873329607897
5.300268808433893
3.4310770361649814
2.7087310644307934
4.748058654241316
4.911072626582919
1.6495269779466666
4.281646556095724
1.9667324904660712
2.0604099937117093
5.140240281518644
1.7600941475606589
2.5585334594700373
5.552633994424131
3.2840543497210692
2.0622327223690933
2.269533749845327
2.5656811403913724
4.576025666148034
2.0113365839452393
5.243057673117333
3.1131090821769045
5.481056146112842
5.236890912602846
2.776094339794191
2.613640544164507
3.5080403838890715
2.000516575801808
4.208200797957669
1.758480853654818
1.6420246060746893
5.530334506201854
2.7821994401956713
3.9862825727537654
3.399378138520391
2.853123444275712
1.8518591601905814
5.253568068663762
5.479253107352463
5.47918601798588
2.0454492405075677
2.460773080144394
4.071227520046223
5.519811543560309
3.7716527899388623
4.35275923219085
4.247337715501397
2.63634396741458
3.7664090516518622
2.829284471250054
2.585524784340369
1.9254750615351512
2.723146894258702
5.53350686887761
3.391608962133182
4.208042138050683
4.173864321079367
5.362938088996
3.1619142045556927
2.8271371794060545
2.908965658748533
2.8669405875424085
4.98853906330486
5.174000982086405
2.811237318690065
2.9373336226030475
3.776901656728737
3.9159417452683356
3.9838501600040175
2.5803920155809945
1.6814961137850095
2.575037199311663
1.8893101354856436
3.804819019662024
1.883665470158138
1.900519169018092
4.141528374252228
2.7632862016775825
4.76873903152917
3.573044171000552
5.050595911118838
2.2167183846513763
3.6057183437867733
4.779933974984096
1.9084279450556645
5.396911795891745
2.2929684334864144
4.704835931943743
5.539583484576291
4.886200578974058
2.879136011172023
2.0275109383262393
3.657433004220997
5.2774277568427514
2.773957977482671
5.175035190783159
2.1667225881067798
5.241926697570936
1.7270397835893467
2.8642747110435316
5.21235313485645
4.815425123935888
5.228615067987189
4.962874088986951
4.584739541618089
4.358380717201058
2.3126194625772944
3.330552003904948
2.2315877750086424
4.459297807875245
4.271114958742168
2.6103456311755338
1.8576567733906453
5.453543533286303
4.833010513489587
3.797079725570077
3.7655106079399228
5.00517066532552
3.4132387104888715
3.18284177888307
2.9546765795802354
2.631876369887087
1.697634011300417
4.185755376000388
3.2667355291936397
3.8824145263108902
1.8492865232140843
3.0197737747451834
