4.9847896737132515
3.6211352823184018
3.956009031930207
1.7381033206053664
2.5709598941722707
4.789616990217212
3.257255997203097
2.292029606316204
3.795195045552612
4.412163048262526
4.297943322009309
3.098812082006561
3.3558465201782526
3.6337059529999274
4.713770460000584
3.683753670452581
3.1730203798569043
3.558774081849033
1.7182998558676283
1.7739491614261098
4.4135283544153445
5.532750869238695
3.9727349215202303
3.174398745511656
2.2813967874227252
3.6089542337339324
5.528306550154137
4.682092559323202
3.758469793799115
5.041159115682198
2.5287045122520584
3.655086652750548
5.409869553073078
3.9111792312048124
3.4365269276426735
2.677117909765685
3.7919852378649956
5.428465125840908
1.6228365178015718
4.73462093046156
4.881943647701927
5.1447183233040334
4.562013647332785
4.836559603489919
3.6747131340920083
3.845431459113516
3.304362718752601
1.8244931900829617
5.080040620706559
3.879997335505521
2.3993576807085724
3.6188818697154534
3.5397004489109367
3.027159858179823
2.9843116760726196
3.7539151829513773
4.093957811190021
4.049809859130903
3.4325872003988978
1.7118999363353695
2.5184201251080958
2.308845035754331
3.9378434831137654
5.0440354434133
4.793755762309704
4.788390250541985
4.865749482242764
2.621176160349224
4.966979329096384
4.292454101754828
1.9329365512155916
1.6667625204622385
1.6582398996992493
4.622347101008793
2.5982369026136913
2.0379545091774376
4.099208336609905
2.9776914563859798
1.8780615141233894
2.23850209877539
3.7095215961920514
2.272579784889713
2.6916577472747205
4.446359708741092
3.4188065201826556
2.8880070655493038
3.4950840566811157
1.6945383105279483
3.1462284190458796
3.2836747168363036
2.3521572190052518
2.0350467697816534
5.199274001424081
3.6404639237147056
2.4363639702070805
4.022594560136066
4.868158673511548
1.6832724340371494
1.6714580833111814
2.185846961597384
