4.926193410634681
2.5111326036616477
2.5668185658515172
2.1648500532952335
5.049114496812415
3.3123976530204047
2.3957472438417065
3.860317355281226
3.1065921137455015
2.8243063424263775
1.7592514076530166
4.085486672145196
5.107926782120327
4.860842017246092
4.843958027570002
2.1429271844745212
4.252807503696517
2.8849553462703326
5.217800435767387
2.1347890489826264
2.9242239372591
3.412638635079052
2.331787443098344
2.0349894828368225
5.319999191061797
3.5184454909703127
2.0945879979145117
3.8656394295449816
3.423685423189966
3.810421569714436
5.512514695470227
2.1168012323722043
2.762069045961316
5.2698136477985855
1.6392067459079689
2.0218235244877403
2.812317257694579
4.373613042503161
3.804798087998824
4.63459209290655
4.430880123601991
3.8476330930400646
1.695559757495575
3.5845699860113083
4.318160522265096
5.148527315219835
2.920611724006221
3.099751788387866
4.034091079138554
3.7557716559906624
4.40657836463037
4.779756585330404
4.2459288031568505
2.7425625872992856
1.7615575898968627
2.410003593317044
2.3402422496755557
2.480706130604954
3.64643680577927
4.501440997887729
4.132256243408808
3.0927809078686197
5.023968654216446
1.977392208307168
5.473994115292822
3.2273302644784407
2.777028164684481
4.368913783236098
3.594105136216869
5.540045319373698
2.121375900157367
5.212284556467752
1.9825928511215465
2.4767986456464275
4.802621328968913
2.6907841232857947
3.074874927727864
1.8313417916911097
5.440247329335007
3.296708443091732
3.4513996910862987
3.7293676401496594
5.2788865426406275
3.6391219760358426
4.5604261064901035
2.8762698060219556
2.381556938210156
5.4393828296925495
4.321382687349552
5.115058258220898
3.854884046731252
3.7691494157054817
5.25483618552252
2.7362882837258686
3.337831654009688
3.0301221812875005
4.590265977881184
4.2041516408467725
4.792519462152578
4.881469480347764
5.545398277824543
4.337880726811643
5.417172906433648
4.248028054465426
2.80676168275697
4.468224065294919
3.5731285915936604
4.734675294909005
4.613195787468254
3.8195360957074103
4.35937916440484
2.283000394781926
1.8728864720320986
4.170443886574379
2.17546130458835
5.343507191050407
4.128888594085857
3.450637472761183
4.214639341155797
1.990149221448399
3.1547096136898873
1.7448404158772397
3.293602839998831
1.9905816597957702
2.211503213470725
4.570690039993872
4.925321632086724
3.1489165721287735
2.073115377647324
4.244769468489022
4.589784146797802
3.2016381148612885
5.275772596772609
3.4394536194561423
3.736211170688972
3.7991532341172958
2.3065383470609637
4.169414191664899
4.201137822769935
2.60233851772642
1.7753181748796885
2.352243349640511
2.8183481298110684
1.7061159608173622
3.654103747080233
3.7349591776329856
5.465377525190398
2.0410271632790975
3.8705826838211745
4.775030417924256
5.249302922975021
3.239134812865974
3.297692381796536
1.9066450916746667
2.8285908071741686
4.899239826027879
3.3601266041348854
3.6663614074640436
5.144511205332396
4.4618007066752075
3.029465452217568
2.8032670972565916
3.955157677638205
4.636195006317212
3.999337744946074
4.131327366556107
2.289663214030571
4.941928137807221
3.399844464383809
4.572116543845638
3.4199282881083555
3.8502709036253644
1.9071394613107175
4.401134384434341
3.9327281860946703
2.831746289731902
5.079610088459676
4.943785650132638
5.236579357243031
5.387301644111613
2.0581076659806508
5.498742512514665
5.483118114618486
5.597127873913513
2.769383818323286
3.862983691960036
2.9597110419460866
3.735240559135054
5.332969986121544
1.691141871516645
2.9994809392578845
2.0487670222843564
2.704803460644689
2.6757340232705915
2.7580289746538824
2.608767509865381
2.2323968187177576
4.269416716087523
2.974914528743906
4.487250849087422
1.6763733506535536
4.479957176415395
1.8900874961976553
3.6494123840627313
2.2224389399412856
3.658306100535045
1.686538734842535
3.0060252863342525
4.569727426320503
4.6838672514360935
1.7707067299040835
4.784239709404668
2.9656344597692397
2.9837501886054483
1.885279595100274
4.843308870917012
3.2263180895985606
4.41872175505685
1.694832506950302
1.8592538233385816
2.7083309882409985
3.9199561714536397
4.521231017337311
2.557306567927321
2.1339837221134954
4.395025179882744
3.859218068490526
2.4980251886902685
1.731874750973823
4.520040125558426
2.2364281679152422
3.0432478241823837
1.8198484641982438
2.321410797753446
3.0451676245039434
4.2197375039824045
3.006872034326086
1.9675450343252092
3.990537665680205
5.490402934739905
3.6481729074069356
5.268447339868496
5.076482408003484
4.870087841444359
4.895744438997297
4.820222225149148
3.0603072775838456
3.438760803723639
2.6855504358058475
3.8293044034472987
4.916384484978533
2.929522227877344
4.059623873554054
3.962907034629415
5.061591184953527
4.063801054251755
3.190822792045229
5.187119944875472
4.7993639919438085
3.085687167136915
3.0110638386677513
1.6458756338414346
4.613779410588844
3.0346518872004173
4.431479539359618
4.17878829857043
2.2586686216984204
3.2944634739156657
3.8295951823685503
3.8011392176548453
4.523745820966294
4.773451425826945
2.3929441669089573
2.886284435818493
2.4995233631559013
4.904217135319372
4.025592636449285
4.9161533240992625
2.60613094945367
4.311394970779591
3.9532468987269413
5.1891775877055135
4.59310307883136
5.209147198687084
2.207327946537549
5.185884852038343
2.7895595335620675
2.3687123435398996
2.7243332385382955
5.397413564739976
1.7437113321766047
3.4308180725355615
2.799771884269216
2.240295878489616
2.2650864846563588
1.7189875465099758
1.991861226877607
3.107682284746211
1.6284205700807237
2.9627812628449086
3.3703203162333435
3.3095893503772675
3.271212966151442
1.9245766390630052
5.436208059633386
2.85092874905913
3.5814780204956485
3.3109801852032095
4.513414887574886
1.8584584969191842
4.960600799773452
4.380045178612528
3.0018582964371436
3.2185140217708796
2.7641432592719473
4.149886261218225
4.629071407051621
3.118585107902376
1.6381090039400528
2.6519021016883193
3.2553225881477483
2.3031067306028077
2.693696120730115
3.303792608008169
2.683369082755961
2.110648719390946
4.538881873425881
4.901383389404119
2.672548831177012
2.8938970168019256
4.438944589697158
2.8023175096562434
4.915241834511031
4.157324466375779
2.955054147775437
2.2662170293094634
2.6838632623831504
3.5342865777188135
3.589043648569989
5.598049675604589
3.2295649093733543
2.8147365051232343
3.473375835931726
3.6576199586314115
3.3053020093899104
5.364779384066287
5.491668019200649
2.4931680487922265
4.925364788968071
1.6131902384780017
3.0689449218185927
2.6231988930435324
5.514881016735132
4.7186450699423315
4.128631832725109
3.929168018878329
4.1885715791943925
2.347866179982807
5.037448495082043
3.8732360332510805
3.797589200453368
4.440177596783109
1.616775013225947
2.5913552090595457
1.7249089782126141
4.78521836303101
2.501585635863353
4.911284349657236
1.691387217723007
2.563930718240778
5.556068366498295
3.15526382010038
2.674015323466098
3.4356081282825484
4.103403967604979
2.9715499788954296
2.4240784078233273
2.8714158372570218
1.7739724168687738
1.9175684907551291
2.6095899912658522
1.899180527661434
5.02779320299665
3.5136304457245977
5.422868124612104
5.234650117121387
2.371610001585301
2.746395850572307
4.419218646098908
5.359773022819481
4.000177484791835
5.2343344802925325
2.562776573727664
2.8694407049975865
1.9776820656138554
3.7370653641101277
2.5908712603346373
3.037322824864306
4.067508502340793
3.1032697065682058
3.363020196442015
3.518054631769484
3.3446988398576387
5.461566304922579
4.577283804768223
2.1272559671197167
3.4348655703073607
5.046989112453133
3.063377185789924
4.424470060584923
2.5986370050218484
1.96414321645541
4.101568901243372
5.0975100085072595
2.38113557177011
2.271099247038444
4.947669387289256
4.793977080780136
2.5155204697309186
3.767130028001789
1.649123910700912
5.065484648430918
3.298228676101257
4.7099171271150375
1.8672889861245032
2.102948704636804
2.2372589477229647
2.2653816973619967
4.030343980496994
5.278538743089527
5.549243941298242
5.0696648003480735
4.765701447178075
5.476402857613837
4.546211885610399
4.9797010694370565
1.9572495125245166
2.5206714230267524
3.0922175914645065
3.208597163028477
2.1886685570956774
1.8611096139830456
5.516831829252862
4.3721714511116465
4.918036804864231
2.514909025862186
5.354685176548836
1.864195519756556
3.288129621537305
2.9532849732656072
2.137129654641632
2.266544182818042
4.013311232123298
4.5223748178259715
4.4651323910089955
4.767359727756858
1.6687527136875433
4.529869574902095
2.999284279079805
4.0448723365150725
3.1628307432487675
4.0853104402092395
5.0907494876686235
3.196006082987318
4.433102731981781
3.8866735104102133
3.492387611296581
2.076729057957954
5.054055463224166
4.1320001536300826
5.2021661099001175
4.687833993324654
3.8083136352032723
4.684782825681125
5.4266172487041935
5.124524934127367
4.595816367399599
3.774687793814794
4.8977852689359604
3.2174261358469054
2.084742922953917
3.1523204594518694
4.656398843985423
5.262656908024559
4.339634530285345
5.090529566334224
1.8709309272516714
4.353967225466268
2.817165337225159
3.557722073284483
2.016842158104669
4.293646411191846
5.033160643172054
3.853891742687331
4.5559039849961
3.1603929258272982
2.657291688787683
1.699589651525479
2.299527198055979
2.4788917537007262
4.227638412705588
5.28585011270775
2.7666698297205143
4.736684142294962
4.221350203202099
5.496034025712293
4.19544262463942
3.9397092517655636
5.289476535505022
2.481940641812508
3.65712237009275
3.0450928676238687
3.8053587756215026
3.618921550871031
3.9987279096324677
2.4445232461615345
1.661689003947318
2.4346838122562047
3.485639729625475
2.309721577055586
1.757614003027089
1.862098952188715
3.4789006177685162
3.8920125132760854
3.23822455857433
3.735136649800546
5.493292022952675
2.9223912134530785
2.619724029004603
4.197501497350689
5.1595244041307
2.5883478352472826
2.001320409441985
4.625958990302849
4.354987213402392
2.9381468362796586
3.138260697177285
5.459441966296554
1.7038057800296271
2.638161794204978
1.9798173857266432
3.470252508043411
5.0547584432069375
4.443149289492559
3.3914866432681983
2.3472511059998666
5.317148716679197
2.184817203562675
1.7867392148855976
2.349277116112754
5.590497443327667
3.005913215606923
3.8303938895388487
2.664428689627847
3.7051719491017394
5.217089807453794
2.0675290126124866
2.758420231590212
3.921108192902477
4.92083654510894
4.292011252796568
2.557534716709741
1.8191727530648176
5.575008675366156
4.346806172738161
3.9732206107493084
3.766742953630104
3.787972537113746
5.21593452110556
3.240591163864571
4.716378143169958
5.455545333480018
3.6565716295194806
4.976250850690764
2.8007653290930667
3.386244197950477
1.6793504489807884
2.9641246397279795
2.907369345305949
3.9180491315957577
4.5856454092260055
2.845823026428946
5.247143944904847
1.7346546875710467
4.0584395373423625
4.972187957622783
5.066422903778672
2.8248189126071352
1.8688445550625756
5.259788661870962
5.40235730130108
5.457968717457108
3.3212016667664694
3.588948858018801
4.449869124676212
2.076533467622429
5.374823657332739
1.909923572284217
2.288793909508519
2.6075425217017876
3.756891653506863
1.6790880577795955
4.6886281913810715
2.5837506922607303
3.7802989512518423
2.935381898077463
4.875386972405869
5.513939117272127
2.051707115360419
2.041244095689089
2.5519235459055807
5.3673022344452574
4.8957174025259285
5.181627471895826
1.932272547937007
4.784900173925059
3.055234117688829
4.043787489930191
2.590327188268499
4.619236240616247
4.008164078800459
4.122249345120481
2.4876972588707034
1.6987174690292277
5.429137521921664
5.313956809655465
5.01528551828127
4.243349504502509
3.2556409561167015
1.672315999948721
4.650932290148906
4.02945039234149
2.291487242577725
5.369919308298776
2.4483603698987983
3.879383616861271
3.8697691289945464
4.720575835348463
3.7093127798514662
3.9580217791851027
4.071930097114603
5.473110302630774
3.5265092457808325
4.308047002721731
1.868295215199233
2.9235653839799576
2.769739992840169
2.747204993077523
4.017504964519674
3.205410520583614
4.34942901418388
4.035361226006365
2.7290525864727444
2.147378470618908
1.8550968696816144
4.214579844012453
4.149676694530568
5.258414576506395
3.3627278855571006
4.508157082131783
4.439256116467332
2.156245026230561
4.859046150762184
2.3080337436443075
4.605213237586552
3.1484348648040674
4.696354864182281
3.7123981031619286
4.982076266995065
2.430064141137494
3.487851230890106
2.6244152186007947
3.169398743498132
4.1113046161814975
5.2016645502937315
1.6887285278491726
3.5340980383885707
3.847513197498726
2.097342948297219
3.4436282979639454
4.339740730416844
3.4280092222201946
4.270120873584138
2.7201606366050353
3.6370682808733097
5.313377255908965
2.1337780850450065
3.1502949825865962
3.2174270946887233
4.809680395861852
4.718895097491096
1.8206670077276215
2.440013926046034
3.443168970052641
1.8835157416013053
5.219017942756674
2.778447633366769
2.575977964971229
2.638145199269631
3.2416319530842967
4.59388784512991
4.644091808911083
4.64953000675864
4.16810770887106
4.181555696771653
2.2511031037428673
3.1730783394454005
1.875894158979892
4.020261290827609
1.9068484707505275
2.131316506734113
4.14096826827268
4.577904010621482
1.8294392992498416
4.032732654816696
4.585477405854341
3.725476616891273
3.867748763598142
4.747088603662306
5.0027438555819135
4.455578507882232
3.0146235140801845
3.478957775999686
2.5729421318154433
5.23611211054849
2.6879446305158146
2.7604814138122076
5.225460096002003
4.574152437236993
4.027245972524902
5.232052001578298
4.6508878558258075
5.495887564423532
4.042569231810759
3.3301447743203436
3.516258245127286
2.1071356965018464
3.990851382716972
3.2354372214640534
2.158939553188349
4.626164161887528
4.550751684284474
3.843382250838842
4.856400110319604
4.387157802003271
3.519611331121135
1.9297464412836534
1.8289237808499923
4.685782613259179
5.531183013238083
2.3262709272458983
1.7385722060722082
4.354556133669503
3.2558666833838497
1.9378332455650362
5.202962367889018
4.413341181599995
5.298549650457323
3.0355618649255485
3.5038090357200646
4.738733281287072
5.005833005636882
5.178740657691307
5.4037244158302205
4.691700492154016
2.684595408882783
2.1930684337884
3.481466627183521
2.2166031961530877
3.7858123883031682
1.9098078012457922
4.219677255922495
4.328129569590555
2.115959204933934
5.334448524708288
4.544322041265211
4.606231784210065
4.266321864766423
2.002300082954108
5.450716752910358
5.347036727647133
2.820373637754628
3.7041933590405005
3.5186389478893427
2.4355563495807475
3.692172837297659
4.363784263524305
3.890558188262612
4.217984686510656
5.011363844048684
3.8286112463239066
4.689910791604005
3.1581301156008603
4.696146705793799
4.307909256559688
2.0235412051135633
3.169627832302874
4.4235165430702
3.816107829739557
4.708549283826645
1.7038165841485018
2.0870734312744226
2.9243450169789824
4.681226648455363
2.632360591864833
5.17722702521233
3.72675593414948
2.8568330018614048
4.160644280159476
4.0985335583019
3.837743188863629
2.1697327733402387
5.381156436114372
3.7635455261489255
3.925800086244729
2.902579803423999
5.052521781355268
3.2510440160003675
4.015711355769591
5.5522890197108685
3.7098752181503576
3.288909530556702
2.5947355406989914
2.8823704069226834
5.262090920864948
4.450219409667873
3.32907854731618
4.690305408240695
2.1430028525694973
4.907582971735786
2.221340036545129
1.6476798015355216
1.8035781412602847
2.91786771469439
4.221188023496253
5.231119909200638
4.455878642046531
5.2491638477137545
3.4928072354507833
5.5340897672228095
2.699866754444795
2.625925105008022
3.206316843050657
2.2894969749643357
3.8947449218707875
2.9406537608222987
5.341781637147277
3.9275381421421547
3.722753652613839
3.5741233693602115
3.77882119303789
1.689224364502159
1.6737732321782812
2.729588208376761
3.535659316508744
2.2635682987394468
2.1363860059078994
5.514002400859267
2.6010139039141134
2.4750047464436227
2.7769613854021387
3.6340615405741494
3.5650899029170886
3.5510994770657
2.7516579978667806
3.3094377459115343
2.9864976581798075
2.6712096584832534
2.7888570406003526
2.758666178242748
2.9038851193941797
2.717515209427863
3.8232410946181585
5.3602892225115415
4.078996043759618
2.03109272784145
5.29942032854038
1.7832358859431254
3.007677424075269
4.593964626514352
4.598279474476721
2.6192617025199065
4.304013956472344
2.8915952421264937
1.8311396947075091
2.0458138256561393
4.0327386521594875
3.1319529327561457
3.874283021868607
4.133584658685793
1.6031673339103718
4.006557810899931
2.5922827773278763
5.020457986776827
3.2663281640138533
3.886353889763275
3.0752825126580494
2.879065283471582
4.654655961291349
4.344724378354432
5.211167352946874
5.258061756979895
2.705233702091662
5.3883058530104115
4.299448214257764
5.149977550806346
4.492357441248879
4.02825074072678
5.548788032548764
5.139057894973878
2.3814241591687435
4.614944195291573
2.626086973902038
4.540743768072998
4.899417230332331
5.4886304028878365
4.94011025791117
2.4419115207553084
5.133585101456388
5.519671132508449
3.763465353549936
2.2670182880393086
2.880455794486559
3.7300481400715104
3.555084319242607
3.124332400263548
2.509580261310324
5.425945277024055
1.6579541125147461
3.107476352625352
4.169144261774882
2.3395649509537684
2.4296260658030637
2.112437669878632
2.884742838047607
3.997193737647004
3.394424909999227
4.008126289436593
4.589909656902874
2.2635945534046806
1.7534100070589536
3.879678342716027
4.198195141324647
4.004214027492491
3.8647182405346987
4.807134928404539
2.141719931101337
2.989712171731445
2.0894400900012946
2.2382856547885144
5.00084150857807
2.763697540150898
4.347849736340439
3.4049038284573325
2.8594472201222634
3.9283048305362964
1.824687546214654
4.04494830596388
4.132646594978152
5.294422887024568
2.347065363381768
4.218444267706167
3.482793396273358
4.3300719662395615
1.9003892686644996
3.907141538829558
5.115796705230882
1.7628366259081938
3.377230978816745
2.5806324433223335
5.264534245843992
2.4288764883871097
2.635550323047501
4.70901967667439
2.1013515331008192
4.391558672623892
4.5150814186982275
3.284046355346946
5.393742592599484
5.210732502086528
2.585121673104279
3.458628425156934
4.331402531650627
2.5662410550256993
4.315350321161697
3.8649312080806264
2.323393638101153
5.09656591284406
1.955553966187653
4.474445159239428
4.046023136014471
2.9096843205704723
2.4705944343466544
2.694665701938798
2.457847044324256
3.745413375946447
4.783282815536742
1.9936932354145984
4.922622359346393
5.006389494690179
