4.825949465342284
3.771701786196909
4.873400434673535
3.8008363382044474
4.4464437865319875
2.8578389674463613
2.430458481670922
2.869665361631519
1.709050184801404
4.747439807134379
5.302414700256284
4.505934917824586
2.8810050979210295
3.1650762114906565
3.1942206401516433
1.856767926019192
2.869398151928582
4.00578761606802
3.423431942205498
2.600251299595632
4.740542465979066
4.711678510306861
5.164837591138875
5.070455369001323
3.475680406744314
3.023307933184087
2.3328909796953874
2.4313476236856317
2.3968635930532574
3.041854330342077
4.879908188604913
1.9576592500024055
4.613146741625734
1.9619537547829906
3.897424931629481
2.955535147808031
2.509704935266928
5.466392353379258
1.7642090179694119
2.3472514008502703
4.770927221987687
3.9160265354365182
5.285405859434883
2.583392516801757
2.0037904901571695
4.045566999285979
4.830270790933446
1.9681756927102207
2.480621702086151
4.833053453080633
3.207094617853389
2.6722552702189906
5.0702242037927014
4.516677059982115
1.6860563109928992
1.6396678534394962
4.602914958959364
3.0367655066627575
3.475337596614628
5.036460350578415
2.003737828178095
4.710983633845553
2.9123742066951688
3.6370801374086126
4.260989796317879
2.318265705591708
2.198251759555813
2.1661527163252274
5.062182590955019
2.8224915059470455
4.437295964788146
4.938756648282913
4.007570609256312
2.1051992801952
2.4269622070098116
3.7819718453431626
4.490514195911882
4.718973801018854
4.884119364711292
4.094110310192593
4.288793298815303
3.811806083939031
5.37389844495609
5.54774135022149
2.4217366092847246
2.7957055161189435
3.749969254669456
1.7942351971514356
5.048395957582555
2.589187546151471
4.7111061294202266
4.328303312164124
3.3867799642161316
3.320685647406278
2.6008792740517155
3.3575952366379695
3.7522396341952584
1.643466102949096
4.9451640110811335
2.2860704200854625
3.5431324310424475
4.772268290711606
5.330557752152797
5.505248003321994
1.6756438989139086
4.366813676206572
3.9202822845662864
3.9741853274443453
2.1539831894371795
5.532868266967963
2.7076573252021463
3.85628776553518
2.288696879519371
1.9569889138200773
3.543986803516065
2.31031244184678
2.8689665407210474
5.172141338850247
5.281742144772915
5.320431527093444
4.156443385226188
2.502922309588631
2.8519395200929716
4.347797443831768
5.426158917697133
4.4513844434096255
2.9478059935691188
4.045146945325717
4.512882891825038
4.213630869246285
5.489415074778055
2.4778767302095095
5.286414035306912
4.652777216186872
4.181153716964247
3.0747604775270143
3.646527259529467
4.769920232385682
2.415376916879476
2.794871833698659
2.7982648029622768
3.809271352637241
2.2607148558283643
4.405103860390726
3.4591134427362027
1.9398928301416976
2.09297558953179
4.024420683386291
3.65580498490431
3.108790826090452
2.223116888123614
3.3070115273481213
5.366773181245248
4.478390692405406
4.729074455861247
3.5801033342372315
3.1744289969549553
4.147891686796591
3.1359066580252586
4.981859992885534
3.776891557273154
5.577244229337832
3.6966958696014003
1.9616071584207933
2.6207356997862012
2.0041857501127196
4.547630045201268
1.934879754764999
5.499283532474225
5.476914166681684
4.067610592899646
5.46720462619416
4.346516814840071
1.9280331327038622
5.0038815773817245
2.563961183166728
5.004003303717175
5.359988421282516
5.213703710821914
3.1889599074350063
5.24033667223058
3.352515796611609
4.089610192444466
3.5518660890884424
2.4480605220552305
3.325042003413411
3.73621817255688
5.237184146585763
4.242038830979929
2.7106897368495573
3.1153980180495027
3.8374964953663633
5.43921650617834
3.7134526264301857
3.9163304931233727
1.723233575449186
5.492365920711384
2.5689567636052475
2.641587150293762
2.291409000300813
2.1936417741280625
2.401788993871978
2.8445426161807204
4.629678650226659
4.929419722662185
3.385586082669816
5.044964403171974
5.020356928515914
2.271918259423286
3.0278217104318523
3.2798661606221704
2.0872000446637684
2.4357809057994073
5.115719603993188
2.419286950947268
4.842246452216482
5.216071218477163
1.6966025626084664
3.8772343083401095
1.6528639717485634
2.7856504370255863
4.295655726226141
4.4972631684994635
4.1975370745835905
1.900734296452149
3.094909065144607
4.821915582157715
3.3486767322728777
4.3090516494756566
4.634440801393806
2.8947513461364722
2.0956031275485256
4.471870590733055
3.0008510203599688
3.7571813940823895
2.9574605817522794
4.524534520012525
3.8856601623385885
2.052381481160767
5.271249430702872
3.129542601225199
3.827554261799921
5.579323365617432
4.142131829207068
4.489152433921782
4.554259599131979
4.51352216932059
2.3955170865958375
5.293234159397512
4.003329546290441
3.667649883299033
5.349906293887813
4.448516285049667
5.550343528548973
4.411567609617496
3.3975525742779284
4.275361678926831
2.3894444870776543
3.704762792692162
4.314192700063069
3.9173847921451768
5.481250572361114
2.944040806926647
4.086499326957107
5.497944919283116
4.39801499539343
5.469980029725237
1.8709829060048473
5.550533889107953
2.590525503169161
5.468017514012618
2.763544017960887
1.6831052782237221
4.485137338318289
2.22433998685278
4.71542910150045
3.1892701084158923
2.6810348047693986
2.3126043369620977
1.8936513964928943
4.704309845133495
1.640512274189296
5.2506394822771325
4.793189463258386
3.2445597372633834
4.3401297254635915
2.8146753714105475
3.4482830474667336
2.637403419153186
2.278487642619092
3.6413058115657586
2.683281889864234
1.9945203645452159
3.962544906812841
1.879017160987178
1.8679956155074695
3.3699340885800537
2.256555041884291
4.440976236645195
2.2465085950627204
1.9722137630559122
4.143889900711424
2.703182363658962
2.8176131370332653
3.7123711826714376
2.548934104622164
2.9357817014774445
1.8742166839505665
4.396780134161639
5.241359136199884
4.235139804131036
3.4717465255117093
3.830603716871908
1.7989695182011607
2.7875050262530743
4.540345755619914
5.585465193241937
3.8249690970707126
3.023406321098397
4.5593796203170385
3.1702365207983454
3.1988625637401036
3.5344960090448745
2.6380873640393574
4.0416063228143315
4.464209181735473
2.6350701500114324
4.0398009391632765
2.5769098116097635
4.243360794500544
5.007088395935098
5.073725158645274
3.210393742219482
5.3119905481268646
5.33249530081728
2.593705981535076
2.6763658639759083
1.8901573367681057
4.529294233489916
5.084212516935164
3.9165863586538
3.925732556377202
5.331731883533235
2.1927202882248134
5.381903036295892
3.4375661232051944
2.250143180448405
4.713852952066004
5.175480840079479
3.3627255130138924
2.839047460299024
3.2030240130571603
2.0633478140282078
2.4247566735290564
4.325594738289591
1.87290487606482
2.510478812366958
2.885480662952706
5.314425268768495
5.421283286415376
1.7799226419729903
4.837911182567882
1.693133714463595
4.609705132739478
4.333197511277003
3.5778417856670495
3.714144856182055
4.495847885731505
5.14871048370537
3.369149492455815
4.251700700457949
2.6982977187057466
4.0529689458798455
2.290752509094204
2.488260614863209
2.5328721909231806
3.3992556505767784
4.602449964541124
5.493752909651914
2.542947024707496
2.7345660526328026
3.7880780333260518
3.1583739343853896
3.406787631360741
2.6314997234975475
3.5853318212514695
2.043782535478087
2.455390816759867
1.9154094829028234
1.661647319717488
1.620909662770862
3.5215937650076876
5.155319231246341
4.991654449112826
2.7488618230474064
2.3835371315457996
2.240271689892714
4.8968955564069905
4.184177498587164
4.774930033495424
1.7218271558040694
3.149087111508198
5.105229731345511
3.770302064928999
3.8589764410105314
2.6166746416681663
1.918073793139734
4.20861545324267
2.8136062355662688
1.6577659915527594
3.747922428275697
3.699615420121671
2.115701027000391
5.333522482919403
4.7231747304629295
3.330039658875397
2.3604437180645133
3.598648215458185
2.121246932286449
2.7170832123390247
4.868552000690185
2.367706115931755
3.390057432344613
2.919219935866088
2.671892677831495
2.6393709433556594
4.142433358523004
2.5817034322078256
3.9517000655879375
4.751856767848
2.301106141496144
3.3138954879448637
4.392225407369661
4.153524658744686
5.47656957092299
5.220187978542672
3.7877032939389355
3.7523776113798717
4.446593525412835
3.7456194646394185
5.2796828705783385
1.8803374443515075
2.668380050160976
4.04265093568311
5.489445833927647
1.889136864292046
2.310313885700812
1.9862686202230977
1.8348364567353546
2.4133860783150425
3.312407316331991
1.779622770929672
4.14849124226624
5.24941843787002
3.6513583263506537
3.604511218376553
1.9971284921374162
2.8507497978245597
2.106506041630061
1.7327441764876177
4.257026026493404
5.181654381608613
4.653608736623746
5.195047410795558
3.3843324549382836
4.546502075329707
2.6799579349272427
2.6000339090941385
2.901656487160482
2.8073584507165346
5.038779872186071
1.8326502422275
2.6440284703137484
4.540887216627744
2.6412001250556774
3.1207327546751316
2.0685442702728447
4.3111673147602225
1.976233858610104
4.965545578163564
3.610955827152058
2.42164529949746
5.292148069699506
3.6372805232888883
3.1643688725321337
5.182892137293229
3.5246096642222384
2.1188939467839876
4.858725507516018
3.6949855145225095
3.834584740381881
4.976023287617746
3.925454434790798
3.6803147416001263
1.7210734813457247
5.519139082181962
5.5645518449344005
4.572714309603926
2.3998967877135238
3.1569541311585207
