3625 3495
3625 3520
3625 3633
3625 3656
2069 1912
2069 1938
2069 1963
2069 1985
2069 2083
2069 2104
2069 2326
2069 2340
2069 2387
2069 2393
2069 2414
2069 2460
2069 2467
2069 2482
2069 2520
2069 2532
2069 2536
2069 2586
2069 2590
2069 2593
2069 2611
2069 2615
2069 2655
1478 1342
1478 1671
1478 1829
1478 1910
1475 483
1475 637
1475 975
1475 1284
1475 1459
1475 1502
1475 1628
1475 1742
1811 997
1811 1047
1811 1173
1811 1604
1811 1717
17 111
17 312
2883 990
2883 1684
2883 3223
3964 3500
3964 3587
3964 3776
1344 526
1344 1110
1344 1126
1344 1278
1344 1557
1344 1623
1344 1685
1344 1717
1344 1724
1344 1771
2655 1912
2655 1938
2655 1963
2655 1971
2655 1985
2655 2083
2655 2104
2655 2326
2655 2340
2655 2414
2655 2460
2655 2482
2655 2520
2655 2532
2655 2539
2655 2586
2655 2590
2655 2593
2655 2611
2655 2615
398 352
398 430
398 526
623 625
623 677
2346 1912
2346 1919
2346 1935
2346 1998
2346 2001
2346 2061
2346 2171
2346 2640
2346 2645
1244 1127
1734 921
1734 1047
1734 1312
1734 1341
1734 1557
1734 1604
1734 1685
1734 1741
1769 1369
1769 1458
827 713
827 719
827 745
827 756
827 817
827 824
827 828
1249 1306
1912 1465
1912 1577
1912 1919
1912 1920
1912 1935
1912 1938
1912 1949
1912 1958
1912 1963
1912 1971
1912 1974
1912 1975
1912 1985
1912 1996
1912 1998
1912 2001
1912 2007
1912 2010
1912 2014
1912 2015
1912 2026
1912 2028
1912 2041
1912 2044
1912 2061
1912 2070
1912 2079
1912 2081
1912 2082
1912 2083
1912 2104
1912 2105
1912 2110
1912 2125
1912 2126
1912 2161
1912 2162
1912 2171
1912 2180
1912 2192
1912 2242
1912 2254
1912 2256
1912 2272
1912 2292
1912 2293
1912 2296
1912 2302
1912 2325
1912 2326
1912 2336
1912 2340
1912 2341
1912 2367
1912 2377
1912 2379
1912 2380
1912 2387
1912 2391
1912 2392
1912 2393
1912 2394
1912 2402
1912 2414
1912 2419
1912 2431
1912 2432
1912 2433
1912 2456
1912 2459
1912 2460
1912 2467
1912 2470
1912 2482
1912 2494
1912 2520
1912 2532
1912 2536
1912 2539
1912 2558
1912 2562
1912 2570
1912 2584
1912 2586
1912 2590
1912 2593
1912 2597
1912 2611
1912 2613
1912 2615
1912 2637
1912 2640
1912 2642
1912 2645
1912 2650
3460 3602
3460 3937
1525 1010
1525 1070
1525 1217
1525 1296
1525 1306
1525 1569
1525 1699
1525 1745
3645 3524
3645 3941
1070 1010
1070 1110
1070 1296
1070 1306
1070 1348
1070 1624
1070 1699
1070 1738
1070 1745
1070 1828
2597 1465
2597 1577
2597 1920
2597 1985
2597 2007
2597 2028
2597 2081
2597 2161
2597 2180
2597 2292
2597 2293
2597 2302
2597 2336
2597 2367
2597 2394
2597 2642
2460 1938
2460 1963
2460 1971
2460 1985
2460 2104
2460 2326
2460 2340
2460 2387
2460 2392
2460 2414
2460 2467
2460 2482
2460 2520
2460 2532
2460 2586
2460 2590
2460 2593
2460 2611
2460 2615
2459 1919
2459 1998
2459 2171
2459 2192
2459 2640
2459 2645
1919 1935
1919 1958
1919 1998
1919 2061
1919 2171
1919 2192
1919 2341
1919 2494
1919 2640
1919 2645
988 975
988 1459
988 1628
1483 997
1483 1173
1483 1220
1483 1289
1483 1465
1483 1604
1483 1665
1483 1685
1483 1741
1483 1832
2126 1949
2126 1975
2126 2070
2126 2105
2126 2162
2126 2341
2126 2570
2983 1684
2983 3020
3191 1684
3191 2951
3191 3154
3191 3223
3191 3240
3191 3434
759 719
759 728
759 828
3610 3532
3610 3888
2988 1684
2988 2729
2988 2907
2988 2915
2988 3123
2988 3339
2988 3417
1127 1246
1127 1725
2970 1684
2970 2742
2970 2765
2970 3434
1905 1050
526 363
526 366
526 374
526 430
526 465
526 483
526 566
526 637
526 1110
526 1217
526 1278
526 1557
526 1724
3020 1684
3020 2764
3020 2878
3020 2951
3906 3524
3906 3810
3906 3869
3906 3909
3906 3937
1798 901
1798 1097
1798 1378
1798 1424
1798 1568
3759 3957
1105 1002
2110 2081
2110 2161
2110 2377
2110 2394
2110 2432
615 665
3496 3520
3496 3547
3496 3817
2325 2007
2325 2010
2325 2162
2325 2242
2325 2272
2325 2296
2325 2367
2325 2379
2325 2419
2325 2637
2325 2642
2105 2570
1126 921
1126 1006
1126 1047
1126 1173
1126 1207
1126 1211
1126 1269
1126 1278
1126 1289
1126 1341
1126 1557
1126 1604
1126 1614
1126 1623
1126 1665
1126 1685
1126 1717
1126 1741
948 483
948 1870
1604 997
1604 1006
1604 1173
1604 1207
1604 1211
1604 1289
1604 1614
1604 1665
1604 1685
1604 1717
1604 1741
1405 1312
1405 1369
1405 1614
1405 1684
1405 1860
1405 2962
1405 3001
1405 3304
2392 1938
2392 1985
2392 2326
2392 2482
2392 2520
2392 2590
2392 2593
2392 2611
1828 483
1828 1010
1828 1032
1828 1099
1828 1373
1828 1502
1828 1650
1828 1742
1829 1671
1829 1910
3235 1684
2797 1684
2797 2733
2797 2995
2797 3350
1315 1284
1315 1459
1315 1841
3857 3567
3417 1684
3417 2706
3417 2729
3417 2749
3417 2907
3417 2915
3417 2945
3417 2966
3417 3339
383 387
1207 1006
1207 1341
1207 1665
1207 1717
1207 1832
162 312
3874 3567
3874 3739
1705 1360
1705 1593
1705 1719
2945 1684
2945 2706
2945 2907
1577 1077
1577 1173
1577 1289
1577 1465
1577 1920
1577 2007
1577 2010
1577 2026
1577 2028
1577 2081
1577 2125
1577 2180
1577 2292
1577 2293
1577 2302
1577 2336
1577 2377
1577 2394
1577 2419
1577 2642
2044 2387
2044 2520
2044 2611
790 745
2781 1684
2781 2742
2781 3267
2781 3350
2781 3434
2758 1684
2758 2951
2758 3081
2758 3154
2758 3236
1385 1223
1385 1296
1385 1910
1719 1360
1502 975
1502 1032
1502 1284
1502 1373
1502 1459
1502 1725
1502 1742
1502 1812
774 688
774 713
774 719
774 728
774 739
774 745
774 824
774 828
3696 3500
3696 3587
3696 3776
2921 1684
2921 2951
2921 3018
2921 3107
2737 1684
2737 3154
2692 1684
2692 2951
2765 1684
2765 2742
2765 3267
2765 3434
381 369
1306 1348
1306 1624
1306 1738
397 355
397 357
397 369
397 418
397 483
397 544
397 570
67 21
67 66
67 113
67 118
67 186
67 239
67 272
67 313
3741 3609
3741 3633
2736 1684
2590 1938
2590 1963
2590 1971
2590 1985
2590 2083
2590 2104
2590 2326
2590 2340
2590 2414
2590 2433
2590 2467
2590 2482
2590 2520
2590 2532
2590 2539
2590 2586
2590 2593
2590 2611
2590 2613
2590 2615
3081 1684
3081 2979
3081 3138
3081 3398
3081 3405
1360 1593
2014 2061
1378 901
1378 1097
1378 1568
1624 1348
1624 1667
1455 483
3498 3636
1771 1278
1771 1685
1771 1724
1671 363
1671 637
1671 1910
2645 1958
2645 1998
2645 2001
2645 2061
2645 2171
2645 2192
2645 2494
2645 2640
677 625
178 186
178 272
2706 1684
2706 2749
2706 2966
2706 3052
2706 3096
3511 3555
3511 3770
3511 3909
1097 901
1097 1424
1097 1568
3212 1684
3212 2742
3212 3109
3212 3240
3212 3321
3212 3434
186 21
186 113
186 239
186 272
186 331
1985 1938
1985 1971
1985 2007
1985 2081
1985 2083
1985 2104
1985 2292
1985 2326
1985 2336
1985 2340
1985 2387
1985 2391
1985 2393
1985 2414
1985 2482
1985 2520
1985 2532
1985 2539
1985 2586
1985 2611
1985 2615
2 312
3934 3495
3934 3762
387 465
387 544
387 570
2393 1963
2393 2007
2393 2387
2393 2391
2393 2584
625 630
3018 1684
3018 2951
3018 3154
3321 1684
3321 2742
3321 2951
3321 3154
3321 3240
3321 3434
1342 1910
2028 1465
2028 1920
2028 2010
2028 2081
2028 2125
2028 2180
2028 2292
2028 2293
2028 2302
2028 2336
2028 2642
363 366
363 374
363 483
363 544
363 565
363 566
363 637
1935 1958
1935 2001
1935 2061
1935 2171
1935 2192
1935 2494
1935 2640
3065 1684
3065 2917
3065 2966
3065 3096
3065 3108
3431 1684
3431 3211
828 688
828 713
828 719
828 727
828 728
828 739
828 745
828 817
828 824
828 829
3600 3555
3600 3583
2791 1684
3006 1684
2586 1938
2586 1963
2586 1971
2586 2083
2586 2104
2586 2326
2586 2340
2586 2414
2586 2433
2586 2467
2586 2482
2586 2520
2586 2532
2586 2539
2586 2593
2586 2611
2586 2615
73 331
975 1459
975 1628
975 1841
313 21
313 113
313 118
313 239
1369 920
1369 921
1369 923
1369 1312
272 21
272 197
272 239
272 258
2010 1920
2010 2007
2010 2081
2010 2125
2010 2254
2010 2292
2010 2336
2010 2377
2010 2419
2010 2642
2104 1938
2104 1971
2104 2083
2104 2326
2104 2340
2104 2391
2104 2414
2104 2433
2104 2467
2104 2482
2104 2520
2104 2539
2104 2593
2104 2611
2104 2615
2161 1920
2161 2007
2161 2026
2161 2081
2161 2125
2161 2292
2161 2336
2161 2367
2161 2379
2161 2394
824 688
824 713
824 719
824 727
824 728
824 739
824 745
824 829
3532 3622
2272 2242
2272 2419
2272 2432
2272 2637
2272 2642
2838 1684
3810 3555
3633 862
3633 3438
3633 3495
3633 3596
3633 3609
3633 3656
3633 3800
3633 3928
2742 1684
2742 3199
2742 3240
2742 3260
2742 3267
2742 3350
2742 3352
2081 1465
2081 1920
2081 2007
2081 2026
2081 2125
2081 2180
2081 2254
2081 2292
2081 2293
2081 2302
2081 2336
2081 2367
2081 2377
2081 2394
2081 2419
2081 2432
2081 2642
2082 2402
2082 2570
2296 2367
2296 2379
2296 2642
2494 1958
2494 1998
2494 2001
2494 2171
3596 3488
3596 3495
3596 3762
3596 3785
3596 3800
3596 3880
1623 1211
1623 1269
1623 1557
1623 1717
197 21
1998 1958
1998 2001
1998 2171
1998 2640
2749 1684
2749 3096
2749 3108
2749 3149
2749 3339
685 630
817 713
817 719
817 728
817 745
147 219
1812 483
1812 1032
1812 1099
1812 1373
1812 1382
1812 1742
3739 3567
2433 1938
2433 1971
2433 2083
2433 2340
2433 2414
2433 2467
2433 2520
2433 2536
2433 2539
2433 2593
2433 2611
2433 2615
1246 1296
1246 1569
1246 1699
1246 1738
1557 921
1557 1047
1557 1110
1557 1173
1557 1269
1557 1312
1557 1614
1557 1685
1557 1717
1557 1724
430 366
430 374
430 465
430 483
430 566
745 713
745 719
745 829
2570 2070
2995 1684
118 16
118 239
118 331
3661 3548
728 719
728 739
1027 1627
2613 2083
2613 2340
2613 2482
3267 1684
3267 3016
3138 1684
3138 3110
3138 3211
465 374
465 418
465 483
465 544
465 566
465 570
688 713
688 719
688 727
688 739
688 756
2340 1938
2340 1963
2340 1971
2340 2083
2340 2326
2340 2414
2340 2467
2340 2482
2340 2520
2340 2532
2340 2536
2340 2539
2340 2593
2340 2611
2340 2615
2640 1958
2640 2001
2640 2061
2640 2171
2640 2192
3587 3500
3587 3776
920 921
920 1860
2951 1684
2951 3001
2951 3016
2951 3107
2951 3154
2951 3240
2951 3274
2951 3415
1312 921
1312 1110
1312 1269
1312 1614
1312 1685
1312 1717
2520 1938
2520 1971
2520 2083
2520 2326
2520 2387
2520 2414
2520 2467
2520 2482
2520 2532
2520 2539
2520 2611
2520 2615
2336 1465
2336 1920
2336 2026
2336 2125
2336 2180
2336 2254
2336 2293
2336 2302
2336 2379
2336 2394
2336 2419
2336 2642
2387 2007
2387 2391
2387 2532
2387 2584
2387 2611
1077 1465
2917 1684
2917 3108
2917 3339
816 713
2377 2180
2377 2292
2377 2302
2377 2394
2377 2419
2292 1465
2292 1920
2292 2026
2292 2125
2292 2180
2292 2293
2292 2302
2292 2419
2292 2642
637 366
637 483
637 566
637 1628
997 1006
997 1173
997 1665
997 1741
2979 1684
2979 2764
1062 1053
1062 1223
1062 1696
1062 1699
1599 1696
3988 3995
21 66
21 239
2293 1465
2293 1920
2293 2302
3880 3495
3236 1684
3107 1684
3107 2696
3107 3154
1047 1110
1047 1173
3240 1684
3240 3154
3240 3434
1110 1278
1110 1717
1110 1724
369 357
3770 3524
3770 3602
2367 2026
2367 2379
2367 2394
1269 921
1269 1211
1269 1685
3250 1684
3250 2966
3250 3108
3413 1684
113 66
113 239
1724 1223
1724 1278
1724 1717
1614 1665
2593 1938
2593 1971
2593 2083
2593 2326
2593 2414
2593 2482
2593 2532
2593 2539
2593 2611
2593 2615
1938 1971
1938 2083
1938 2326
1938 2414
1938 2467
1938 2482
1938 2532
1938 2536
1938 2539
1938 2611
1938 2615
874 872
1458 1211
1458 1665
1971 1963
1971 2326
1971 2414
1971 2482
1971 2532
1971 2536
1971 2611
1971 2615
1699 1217
1699 1223
1699 1569
1699 1667
3123 1684
3123 2729
3123 2987
3123 3339
3415 1684
3415 3109
3415 3154
2733 1684
2733 3350
2733 3434
1628 1284
1628 1459
1053 1607
1725 937
1725 1010
1725 1667
1725 1906
111 312
3352 1684
2642 1465
2642 2007
2642 2125
2642 2180
2642 2242
2642 2302
2642 2419
2642 2637
2432 2394
3108 1684
3108 2966
3108 3096
3108 3149
3108 3339
1022 1650
2242 2637
2615 2083
2615 2326
2615 2414
2615 2467
2615 2532
2615 2539
2615 2611
3785 3800
3500 3776
544 366
544 374
544 418
544 483
544 566
544 570
1341 921
1341 1006
1341 1211
1341 1665
1341 1685
2302 1465
2302 1920
2302 2007
2302 2125
2302 2180
2971 1419
2971 1684
2180 1465
2180 1920
2180 2007
2180 2026
2180 2254
3110 1684
630 620
3016 1684
3016 3154
829 713
829 719
3125 1684
2414 2007
2414 2026
2414 2083
2414 2326
2414 2467
2414 2482
2414 2539
2414 2611
1373 483
1373 1032
1373 1099
1373 1382
1373 1459
1373 1742
2637 2419
3602 3524
3602 3869
1684 990
1684 1419
1684 2696
1684 2704
1684 2729
1684 2732
1684 2764
1684 2769
1684 2808
1684 2820
1684 2824
1684 2854
1684 2878
1684 2907
1684 2915
1684 2962
1684 2966
1684 2987
1684 3001
1684 3052
1684 3057
1684 3096
1684 3109
1684 3126
1684 3133
1684 3149
1684 3154
1684 3190
1684 3199
1684 3211
1684 3223
1684 3260
1684 3274
1684 3304
1684 3339
1684 3350
1684 3398
1684 3405
1684 3434
2536 2391
2536 2482
2536 2611
3762 3800
3096 2915
3096 2966
3096 3149
3096 3339
3052 2915
3052 2966
3052 2987
3052 3149
3495 862
3495 3548
3495 3609
3398 3405
2162 2341
3488 3800
3260 3109
2696 2820
2696 3001
2696 3274
1667 1010
2456 2041
2456 2341
2379 2007
1910 1217
1910 1443
1010 1650
2083 2467
2083 2539
2083 2611
483 366
483 374
483 566
483 1032
483 1099
483 1284
483 1382
483 1742
483 1870
3548 3547
3149 2966
3149 2987
3149 3339
3339 2966
2431 2558
3995 4000
2584 2391
2584 2611
2419 2007
2419 2125
2419 2254
2171 1958
2171 2001
2171 2061
2171 2192
2061 1958
2061 2001
3057 990
1289 1006
1289 1211
1289 1665
3154 3001
3154 3223
3154 3434
2907 2729
366 374
366 566
565 355
565 374
570 374
2467 2326
2467 2482
2467 2611
2326 1963
2326 2482
2326 2539
2326 2611
1211 1006
1211 1665
1211 1741
727 719
727 756
921 1685
2001 2192
3304 2915
1284 1459
1284 1742
1284 1841
1568 901
2915 2729
2915 2966
3350 3274
2026 2007
2026 2125
2026 2394
66 239
719 713
719 756
1717 1006
1717 1173
1006 1665
1006 1741
1920 1465
1920 2007
1920 2125
1173 1665
1173 1741
2539 2482
2539 2532
2539 2611
2394 2007
1296 1745
3609 862
3869 3583
374 418
374 566
3190 2820
956 1403
1841 1459
3434 3199
1099 1032
1099 1382
1099 1742
1459 1742
990 1419
355 418
1382 1032
1382 1742
16 331
2824 2962
1745 1569
2820 2962
2820 3001
1738 1217
1738 1569
3223 3001
1465 2007
1465 2125
2007 2125
2007 2254
2966 2987
1217 1569
2391 2611
1685 1741
1569 1650
1742 1032
1665 1741
3001 2962
2482 2611
