2700 2848
1373 898
1373 1204
1373 1451
1373 1454
1373 1459
1373 1508
1373 1729
1373 1871
2290 1943
2290 2058
2290 2121
2290 2201
2290 2253
2290 2308
2290 2369
2290 2370
2290 2376
2290 2409
2290 2492
2290 2578
3852 3667
3852 3902
2087 2038
2087 2151
2087 2246
2087 2294
2087 2327
2087 2649
2355 2246
2355 2400
141 258
3164 3057
3481 3516
3829 3761
3829 3821
3642 3576
3642 3779
1454 898
1454 1204
1454 1729
1454 1871
884 825
391 400
391 456
391 506
2637 2029
2637 2038
2637 2318
3468 3881
619 579
1184 1211
1184 1331
1184 1559
1184 1665
1184 1757
1184 1877
3705 3442
3705 3599
962 1064
962 1677
962 1778
2177 2294
1332 1464
2432 2294
2432 2396
2432 2603
2650 1992
3734 3480
3734 3540
3734 3651
3734 3667
3734 3841
2327 2038
2327 2243
2327 2294
2327 2396
2327 2603
2327 2649
1508 1729
1508 1871
1757 1211
1757 1559
1757 1665
2645 1958
2645 1998
2645 2027
2645 2061
2645 2225
2645 2583
3821 3881
3592 3626
3251 3372
2492 1943
2492 2058
2492 2121
2492 2201
2492 2253
2492 2308
2492 2369
2492 2370
2492 2376
2492 2409
2492 2578
3124 2865
853 696
853 710
853 731
2246 2151
2246 2294
3090 2663
3090 2929
3090 3114
3090 3195
3090 3220
3114 2663
3902 3576
3902 3667
2318 2029
2318 2038
1275 1355
1275 1536
1275 1815
1998 1958
1998 2027
1998 2225
1998 2583
116 23
1204 1009
1204 1459
1204 1729
1204 1871
2029 2294
2029 2396
2225 2061
3667 3480
3667 3540
2662 2951
2662 3191
3060 2684
3060 2828
3060 2869
3060 3132
3239 2869
3239 3132
3239 3169
3239 3297
4026 4021
3841 3480
3841 3540
3841 3651
2061 1958
2061 2583
3912 3892
3840 3526
3169 2828
3169 2869
3169 3132
3169 3297
3599 3442
3599 3526
3033 2897
3033 3195
1677 1464
1677 1616
2369 1943
2369 2121
2369 2201
2369 2253
2369 2258
2369 2308
2369 2370
2369 2376
2369 2409
2369 2578
1604 932
1604 1211
1604 1222
1604 1559
1604 1614
1604 1665
2396 2243
2396 2294
2396 2603
2243 2294
2243 2603
1222 1211
1222 1291
1222 1331
1222 1559
1614 1665
1459 1009
551 369
551 505
2258 2376
2258 2409
3191 2951
2961 2759
2828 2869
2828 3132
3480 3540
3480 3651
3480 3799
3297 2869
3297 3132
680 579
3220 2763
3220 2929
2578 1943
2578 2121
2578 2201
2578 2253
2578 2308
2578 2370
2578 2376
2578 2409
2578 2551
2649 2038
2649 2151
2649 2294
2665 2675
2665 2951
369 455
1401 1291
2121 1943
2121 2058
2121 2201
2121 2253
2121 2308
2121 2370
2121 2376
2121 2409
2587 2160
2253 1943
2253 2201
2253 2308
2253 2370
2253 2409
2294 2151
2294 2603
1291 1211
1291 1559
3289 2869
3576 3707
2370 1943
2370 2058
2370 2201
2370 2308
2370 2376
2370 2409
2370 2551
2201 1943
2201 2308
2201 2376
2201 2409
2201 2551
59 118
2951 3100
439 456
439 506
2308 1943
2308 2409
2583 1958
2583 2027
3132 2675
3132 2869
546 455
2058 1943
2058 2044
2058 2409
2897 3195
1536 1355
3442 3526
3442 3778
2673 2763
1958 2027
506 400
506 455
506 456
2409 1943
2409 2376
2409 2551
8 91
2376 1943
2376 2551
3100 2690
88 178
1871 898
1871 1451
1871 1729
3234 2763
932 1211
932 1331
932 1665
2551 1943
1064 1443
2759 2690
1009 1729
2684 2797
2217 2113
1331 1211
1331 1559
1331 1665
456 400
1559 1211
1559 1665
601 400
898 1729
1451 1729
2869 3340
1665 1211
