2669 2666
2669 2680
2669 2683
2669 2745
2669 2761
2669 2839
2669 2872
2669 2880
2669 2897
2669 2905
2669 2908
2669 2909
2669 2910
2669 2912
2669 2943
2669 3022
2669 3033
2669 3040
2669 3054
2669 3064
2669 3084
2669 3274
2669 3284
2669 3301
2669 3363
2669 3390
2669 3426
414 391
414 438
414 461
414 492
414 513
414 514
414 524
414 542
414 567
414 573
414 579
414 583
414 588
414 589
414 593
414 596
414 604
414 605
414 607
414 612
414 614
414 617
414 618
414 620
414 621
414 624
414 627
414 633
414 642
414 645
414 657
414 664
414 667
414 677
414 679
2703 2670
2703 2699
2703 2889
2703 3283
2703 3325
2703 3423
3732 3610
1699 1062
1699 1183
1699 1217
1699 1223
1699 1338
1699 1529
1699 1681
1699 1703
1699 1876
2909 2666
2909 2745
2909 2759
2909 2839
2909 2872
2909 2880
2909 2891
2909 2897
2909 2905
2909 2908
2909 2910
2909 2912
2909 2943
2909 3022
2909 3033
2909 3054
2909 3064
2909 3363
2909 3390
2909 3426
706 695
706 745
706 773
706 805
1945 1577
1945 1718
1945 1916
1945 1920
1945 1923
1945 1994
1945 2038
1945 2072
1945 2081
1945 2087
1945 2101
1945 2133
1945 2144
1945 2151
1945 2187
1945 2194
1945 2196
1945 2232
1945 2254
1945 2259
1945 2280
1945 2327
1945 2328
1945 2379
1945 2384
1945 2458
1945 2472
1945 2510
1945 2543
1945 2555
1945 2571
1945 2582
1945 2598
1945 2617
3963 3894
3963 3939
621 579
2349 1982
2349 2207
2349 2466
492 352
492 388
492 391
492 392
492 409
492 438
492 460
492 461
492 495
492 497
492 503
492 513
492 514
492 524
492 537
492 542
492 560
492 567
492 604
492 614
819 688
819 753
819 780
819 805
819 824
819 830
3316 2674
3316 2793
3316 2939
3316 3021
3316 3035
3316 3344
909 955
909 1384
149 14
149 226
149 312
1188 1109
1188 1236
1188 1308
1188 1310
1188 1338
1188 1500
1188 1703
1188 1876
1137 1118
1137 1452
1137 1533
3422 2841
3422 3225
3422 3261
3422 3272
3422 3274
3422 3353
3422 3377
3422 3396
2805 2922
2805 2997
2805 3028
1567 908
1567 1085
1567 1317
1567 1337
1567 1593
1567 1825
1567 1866
1535 921
1535 1029
1535 1201
1535 1323
1535 1330
1535 1483
1535 1571
1535 1639
1535 1669
1535 1768
1535 1813
1535 1843
1535 1861
1535 1898
305 312
3088 2791
3088 3272
3088 3298
4016 3990
4016 4025
2243 2003
2243 2053
2243 2072
2243 2075
2243 2081
2243 2101
2243 2221
2243 2235
2243 2280
2243 2327
2243 2328
2243 2384
2243 2415
2243 2458
2243 2501
2243 2598
2243 2603
2243 2617
2243 2652
677 573
677 579
677 589
677 596
677 605
677 617
2957 3061
2957 3196
3322 2949
2415 2003
2415 2072
2415 2075
2415 2081
2415 2101
2415 2110
2415 2221
2415 2235
2415 2327
2415 2328
2415 2384
2415 2432
2415 2501
2415 2603
2415 2617
2415 2652
3843 3645
3843 3829
1295 1785
2910 2706
2910 2810
2910 2839
2910 2872
2910 2880
2910 2897
2910 2905
2910 2943
2910 3033
2910 3054
2910 3064
2910 3117
2910 3119
2910 3220
2910 3284
2910 3363
2910 3364
2910 3426
2910 3433
1683 921
1683 1003
1683 1112
1683 1184
1683 1211
1683 1222
1683 1250
1683 1255
1683 1283
1683 1327
1683 1344
1683 1367
1683 1509
1683 1520
1683 1539
1683 1554
1683 1563
1683 1584
1683 1597
1683 1639
1683 1644
1683 1652
1683 1659
1683 1662
1683 1689
1683 1700
1683 1724
1683 1761
1683 1768
1683 1791
1683 1799
1683 1813
1683 1877
1683 1888
3641 3907
3641 3933
1542 1153
1542 1184
1542 1456
1542 1488
1542 1662
1542 1810
1542 1888
1542 1898
1514 930
1514 1080
1514 1122
1514 1142
1514 1237
1514 1694
1514 1801
1514 1878
1853 1080
1853 1237
1853 1427
1853 1464
512 391
512 398
512 404
512 408
512 409
512 493
512 513
512 545
512 560
2912 2666
2912 2839
2912 2872
2912 2897
2912 2905
2912 3022
2912 3033
2912 3064
2912 3363
2912 3426
3575 3872
325 113
325 118
325 199
325 200
325 203
325 313
854 727
954 896
954 969
954 1018
954 1032
954 1277
954 1282
954 1324
954 1502
954 1515
954 1595
954 1781
2364 1914
2364 1973
2364 1991
2364 2000
2364 2097
2364 2159
2364 2202
2364 2337
2364 2585
2364 2636
2364 2640
2364 2645
1914 1973
1914 1991
1914 2000
1914 2097
1914 2585
1914 2626
1914 2636
1914 2645
1714 921
1714 934
1714 966
1714 1092
1714 1112
1714 1153
1714 1184
1714 1211
1714 1250
1714 1255
1714 1330
1714 1335
1714 1336
1714 1344
1714 1365
1714 1367
1714 1449
1714 1456
1714 1483
1714 1488
1714 1520
1714 1554
1714 1584
1714 1597
1714 1639
1714 1662
1714 1669
1714 1689
1714 1722
1714 1761
1714 1768
1714 1791
1714 1796
1714 1799
1714 1810
1714 1846
1714 1888
573 579
573 588
573 589
573 605
573 617
573 618
573 633
573 664
2207 1924
2207 2255
2207 2259
2207 2466
1162 1761
3788 3633
1796 906
1796 967
1796 1112
1796 1153
1796 1250
1796 1335
1796 1344
1796 1367
1796 1456
1796 1571
1796 1662
1796 1689
1796 1799
1796 1813
1796 1888
1916 1577
1916 1718
1916 2003
1916 2081
1916 2087
1916 2133
1916 2151
1916 2221
1916 2328
1916 2384
1916 2519
1916 2555
1916 2582
1916 2598
1787 992
1787 1118
1787 1452
1787 1533
1787 1593
1787 1758
1787 1876
3981 3998
3981 4009
3981 4019
3981 4023
1441 967
1441 1266
1441 1337
1441 1544
1441 1666
1441 1905
2501 2003
2501 2053
2501 2072
2501 2075
2501 2081
2501 2101
2501 2110
2501 2221
2501 2226
2501 2235
2501 2280
2501 2328
2501 2384
2501 2432
2501 2458
2501 2542
2501 2543
2501 2560
2501 2598
2501 2603
2501 2617
2501 2652
2670 2699
2670 2889
2670 3283
2670 3325
2670 3423
3119 2683
3119 2821
3119 2839
3119 2873
3119 2887
3119 2897
3119 2905
3119 3033
3119 3054
3119 3084
3119 3123
3119 3166
1817 1283
1817 1458
1817 1641
1817 1702
1817 1718
1817 1846
1817 1863
1817 1911
3379 2739
3379 2787
3379 3154
3379 3219
3379 3412
3713 3442
3713 3498
3713 3608
3713 3636
3713 3867
3713 3907
375 352
375 398
375 404
375 408
375 409
375 493
375 494
375 503
3647 3638
3872 862
3872 1085
3872 3495
3872 3779
3872 3888
3123 2683
3123 2810
3123 2873
3123 3084
3123 3166
3123 3231
3123 3400
461 360
461 408
461 438
461 460
461 497
461 513
461 520
461 523
461 524
461 527
461 542
461 567
461 645
2056 1917
2056 1925
2056 1963
2056 2059
2056 2086
2056 2090
2056 2092
2056 2150
2056 2216
2056 2271
2056 2278
2056 2287
2056 2290
2056 2323
2056 2356
2056 2408
2056 2414
2056 2476
2056 2477
2056 2499
2056 2553
2056 2573
2056 2579
2056 2593
2056 2607
2056 2624
2056 2654
2056 2655
2555 1577
2555 1718
2555 1920
2555 1994
2555 2026
2555 2038
2555 2053
2555 2072
2555 2081
2555 2087
2555 2099
2555 2133
2555 2134
2555 2144
2555 2187
2555 2194
2555 2196
2555 2239
2555 2325
2555 2327
2555 2328
2555 2384
2555 2458
2555 2472
2555 2510
2555 2529
2555 2543
2555 2582
2555 2598
2555 2617
604 438
604 513
604 567
604 596
604 645
2751 2841
2751 3035
2751 3043
2751 3113
2751 3117
2751 3215
2751 3353
2751 3357
3234 2706
3234 2761
3234 2839
3234 2854
3234 2891
3234 2948
3234 3286
3234 3390
3234 3400
1509 921
1509 934
1509 967
1509 1175
1509 1184
1509 1211
1509 1214
1509 1219
1509 1222
1509 1255
1509 1323
1509 1367
1509 1460
1509 1520
1509 1528
1509 1554
1509 1563
1509 1584
1509 1639
1509 1659
1509 1669
1509 1689
1509 1718
1509 1761
1509 1765
1509 1768
1509 1791
1509 1799
1509 1861
1509 1888
1890 1091
3585 3446
3585 3580
3585 3863
3585 3949
494 352
494 398
494 404
494 409
494 493
494 497
494 503
494 537
2905 2666
2905 2680
2905 2706
2905 2839
2905 2872
2905 2873
2905 2880
2905 2891
2905 3022
2905 3033
2905 3064
2905 3084
2905 3117
2905 3301
2905 3363
2905 3426
53 1
53 48
53 92
53 146
53 204
53 248
53 254
53 260
1876 1037
1876 1041
1876 1062
1876 1139
1876 1183
1876 1268
1876 1310
1876 1338
1876 1531
1876 1703
1876 1727
3046 2793
3046 3212
3046 3352
3046 3393
3022 2666
3022 2680
3022 2745
3022 2839
3022 2872
3022 2873
3022 2880
3022 2908
3022 2943
3022 3033
3022 3040
3022 3054
3022 3064
3022 3117
3022 3166
3022 3284
3022 3363
3022 3400
3022 3426
409 352
409 398
409 404
409 408
409 460
409 493
409 497
409 503
409 542
163 100
3412 2713
3412 2779
3412 3154
3412 3207
3412 3371
1505 1283
1505 1317
1505 1384
1505 1450
1505 1460
1505 1528
1505 1534
1505 1593
1505 1666
1505 1758
1505 2725
1505 2826
1505 2976
1505 3079
1505 3409
3542 3528
3542 3543
3542 3804
3542 3838
3542 3852
1669 921
1669 927
1669 1029
1669 1092
1669 1153
1669 1184
1669 1211
1669 1214
1669 1222
1669 1255
1669 1323
1669 1330
1669 1344
1669 1365
1669 1367
1669 1483
1669 1520
1669 1528
1669 1539
1669 1554
1669 1563
1669 1571
1669 1584
1669 1662
1669 1753
1669 1761
1669 1768
1669 1791
1669 1799
1669 1813
1669 1861
1669 1888
1669 1898
408 352
408 365
408 398
408 404
408 438
408 473
408 493
408 503
408 513
408 514
408 520
408 524
408 537
408 545
408 560
4009 3998
4009 4019
4009 4023
2323 1917
2323 1925
2323 1962
2323 1963
2323 2043
2323 2059
2323 2073
2323 2086
2323 2090
2323 2112
2323 2150
2323 2164
2323 2210
2323 2216
2323 2261
2323 2271
2323 2278
2323 2287
2323 2290
2323 2340
2323 2356
2323 2408
2323 2414
2323 2446
2323 2469
2323 2477
2323 2542
2323 2543
2323 2552
2323 2553
2323 2560
2323 2573
2323 2590
2323 2593
2323 2601
2323 2604
2323 2607
2323 2611
2323 2624
2323 2631
2323 2655
2948 2706
2948 2761
2948 2839
2948 3301
2948 3363
2948 3436
410 474
410 568
704 770
704 799
2150 1917
2150 1925
2150 1962
2150 1984
2150 2026
2150 2043
2150 2058
2150 2059
2150 2073
2150 2090
2150 2112
2150 2216
2150 2237
2150 2253
2150 2261
2150 2271
2150 2278
2150 2287
2150 2290
2150 2306
2150 2340
2150 2356
2150 2408
2150 2414
2150 2446
2150 2469
2150 2492
2150 2499
2150 2542
2150 2543
2150 2552
2150 2553
2150 2560
2150 2573
2150 2579
2150 2590
2150 2593
2150 2601
2150 2604
2150 2606
2150 2607
2150 2611
2150 2624
2150 2631
2150 2654
2150 2655
2112 1917
2112 1925
2112 1962
2112 1984
2112 2043
2112 2059
2112 2073
2112 2086
2112 2090
2112 2216
2112 2271
2112 2278
2112 2290
2112 2306
2112 2340
2112 2356
2112 2408
2112 2414
2112 2446
2112 2477
2112 2492
2112 2499
2112 2542
2112 2543
2112 2552
2112 2553
2112 2560
2112 2573
2112 2579
2112 2590
2112 2601
2112 2604
2112 2607
2112 2611
2112 2624
2112 2631
2112 2655
214 14
214 312
2510 1577
2510 1718
2510 1920
2510 1994
2510 2026
2510 2038
2510 2053
2510 2072
2510 2081
2510 2087
2510 2099
2510 2101
2510 2133
2510 2134
2510 2144
2510 2151
2510 2187
2510 2196
2510 2226
2510 2235
2510 2254
2510 2327
2510 2328
2510 2384
2510 2458
2510 2543
2510 2582
2510 2598
2510 2617
2566 2038
2566 2211
2566 2226
2566 2232
2566 2235
2566 2379
2566 2612
1221 896
1221 1036
1221 1231
1221 1277
1221 1338
1221 1418
1221 1423
1221 1515
1221 1529
1221 1628
1221 1655
1221 1680
1221 1691
1221 1703
1221 1727
1221 1785
1221 1862
1221 1873
1221 1903
2840 2976
2840 3225
2840 3377
2840 3396
688 695
688 696
688 727
688 740
688 770
688 771
688 780
688 805
688 824
688 830
564 351
564 393
564 399
1873 896
1873 902
1873 957
1873 975
1873 1277
1873 1423
1873 1426
1873 1628
1873 1680
1873 1691
1873 1903
57 48
57 92
57 204
1840 1127
1840 1474
1840 1703
2492 1917
2492 1925
2492 1962
2492 1984
2492 2043
2492 2058
2492 2059
2492 2073
2492 2086
2492 2090
2492 2092
2492 2164
2492 2210
2492 2216
2492 2237
2492 2253
2492 2261
2492 2271
2492 2278
2492 2290
2492 2340
2492 2356
2492 2408
2492 2414
2492 2446
2492 2469
2492 2543
2492 2552
2492 2553
2492 2560
2492 2573
2492 2590
2492 2593
2492 2601
2492 2604
2492 2607
2492 2611
2492 2624
2492 2654
2492 2655
1153 927
1153 966
1153 1029
1153 1123
1153 1175
1153 1184
1153 1201
1153 1214
1153 1330
1153 1335
1153 1336
1153 1449
1153 1456
1153 1483
1153 1488
1153 1584
1153 1652
1153 1662
1153 1761
1153 1768
1153 1810
1153 1888
1153 1898
1222 906
1222 921
1222 966
1222 1029
1222 1049
1222 1075
1222 1175
1222 1201
1222 1211
1222 1214
1222 1219
1222 1255
1222 1323
1222 1327
1222 1330
1222 1335
1222 1336
1222 1367
1222 1520
1222 1554
1222 1563
1222 1584
1222 1659
1222 1662
1222 1678
1222 1702
1222 1753
1222 1768
1222 1813
1222 1861
1222 1888
513 360
513 365
513 388
513 391
513 407
513 426
513 432
513 438
513 452
513 497
513 503
513 514
513 520
513 523
513 524
513 527
513 537
513 542
513 567
513 614
513 645
3363 2666
3363 2680
3363 2681
3363 2683
3363 2706
3363 2756
3363 2810
3363 2839
3363 2854
3363 2872
3363 2880
3363 2887
3363 2897
3363 2933
3363 2943
3363 3033
3363 3054
3363 3064
3363 3117
3363 3220
3363 3243
3363 3284
3363 3301
3363 3426
3363 3433
927 921
927 967
927 1175
927 1214
927 1255
927 1367
927 1460
927 1520
927 1528
927 1554
927 1563
927 1584
927 1639
927 1724
927 1765
927 1768
927 1791
927 1799
927 1846
927 1888
1475 896
1475 957
1475 975
1475 981
1475 1036
1475 1060
1475 1231
1475 1277
1475 1282
1475 1347
1475 1392
1475 1426
1475 1502
1475 1576
1475 1628
1475 1691
1475 1716
1475 1862
1475 1887
1081 896
1081 969
1081 1032
1081 1277
1081 1282
1081 1515
2604 1917
2604 1925
2604 1962
2604 1963
2604 1984
2604 2043
2604 2058
2604 2059
2604 2073
2604 2086
2604 2090
2604 2164
2604 2210
2604 2216
2604 2237
2604 2253
2604 2261
2604 2271
2604 2278
2604 2287
2604 2290
2604 2306
2604 2340
2604 2356
2604 2408
2604 2414
2604 2446
2604 2469
2604 2477
2604 2542
2604 2543
2604 2552
2604 2553
2604 2560
2604 2573
2604 2579
2604 2590
2604 2593
2604 2601
2604 2606
2604 2607
2604 2611
2604 2624
2604 2654
2604 2655
3166 2821
3166 2872
3166 2873
3166 3084
3166 3400
2607 1917
2607 1925
2607 1962
2607 1963
2607 1984
2607 2026
2607 2043
2607 2058
2607 2059
2607 2073
2607 2086
2607 2090
2607 2092
2607 2164
2607 2210
2607 2216
2607 2237
2607 2253
2607 2261
2607 2271
2607 2278
2607 2287
2607 2290
2607 2340
2607 2356
2607 2408
2607 2414
2607 2446
2607 2469
2607 2477
2607 2499
2607 2542
2607 2543
2607 2552
2607 2553
2607 2560
2607 2573
2607 2590
2607 2593
2607 2601
2607 2606
2607 2611
2607 2624
2607 2631
2607 2654
2607 2655
2253 1917
2253 1962
2253 1963
2253 1984
2253 2043
2253 2059
2253 2073
2253 2086
2253 2090
2253 2164
2253 2210
2253 2216
2253 2237
2253 2278
2253 2290
2253 2306
2253 2340
2253 2356
2253 2408
2253 2414
2253 2446
2253 2469
2253 2477
2253 2542
2253 2543
2253 2552
2253 2553
2253 2560
2253 2573
2253 2593
2253 2601
2253 2606
2253 2624
2253 2631
2253 2654
2253 2655
1702 951
1702 1211
1702 1214
1702 1327
1702 1337
1702 1697
1702 1718
1702 1722
1702 1813
1702 1863
1702 1865
1702 1911
3880 3495
3880 3670
3880 3970
1571 1211
1571 1330
1571 1456
1571 1483
1571 1498
1571 1662
1571 1722
1571 1768
1571 1911
1950 1991
1950 2159
1950 2626
2466 2255
2585 1921
2585 2097
2585 2159
2585 2202
2585 2626
2585 2640
2585 2645
2826 2813
3207 2713
3207 2779
3207 3001
3207 3154
3207 3371
4023 3995
4023 3998
204 92
204 254
204 329
2432 2081
2432 2110
2432 2221
2432 2235
2432 2328
2432 2603
695 696
695 738
695 745
695 780
695 805
695 824
695 830
806 771
806 818
806 850
3353 2690
3353 2793
3353 3035
3353 3274
3353 3349
3274 2844
3274 2895
3274 3117
3274 3215
3274 3225
3274 3261
3274 3272
3274 3375
3274 3377
3274 3396
1231 896
1231 957
1231 975
1231 981
1231 1018
1231 1036
1231 1143
1231 1277
1231 1347
1231 1423
1231 1426
1231 1576
1231 1587
1231 1628
1231 1655
1231 1680
1231 1862
579 588
579 589
579 605
579 612
579 617
579 620
579 633
579 664
2379 2038
2379 2101
2379 2187
2379 2226
2379 2232
2379 2259
2379 2280
2379 2325
2379 2327
2379 2571
2379 2598
2379 2612
2379 2617
345 159
345 285
345 303
2442 2499
3912 3595
3912 3725
3912 3874
3912 3892
3912 3917
1449 966
1449 1123
1449 1211
1449 1336
1449 1367
1449 1456
1449 1458
1449 1488
1449 1584
1449 1799
1449 1863
1449 1888
1037 1109
1037 1338
1037 1529
1037 1681
1037 1703
1037 1727
1037 1855
2702 2739
2702 2954
2702 3219
2702 3395
1372 1064
1372 1212
303 221
303 285
1641 951
1641 1003
1641 1283
1641 1317
1641 1866
3943 1085
3943 3495
3943 3609
3943 3633
3943 3838
3943 3938
221 285
83 51
1489 1032
1489 1502
1489 1515
2865 2715
2865 2831
2865 3032
2865 3061
2865 3196
2865 3312
2865 3393
3720 3749
3867 3442
3867 3498
3867 3608
3867 3636
3867 3907
1418 1143
1418 1727
3990 4025
1855 1529
2239 1577
2239 1718
2239 2026
2239 2038
2239 2053
2239 2133
2239 2187
2239 2194
2239 2327
2239 2458
2239 2480
2239 2543
1662 966
1662 1003
1662 1123
1662 1175
1662 1184
1662 1211
1662 1214
1662 1219
1662 1250
1662 1255
1662 1323
1662 1335
1662 1456
1662 1460
1662 1488
1662 1520
1662 1554
1662 1563
1662 1584
1662 1639
1662 1652
1662 1689
1662 1768
1662 1799
1662 1810
1662 1888
1921 1973
1921 2159
1921 2202
1921 2472
1921 2636
1921 2640
493 352
493 388
493 391
493 392
493 398
493 404
493 438
493 497
493 503
493 514
493 537
493 545
493 560
2699 3283
2699 3325
1758 1384
1758 1533
1758 1534
1758 1593
1758 2813
1758 2825
3668 3510
3668 3829
1217 914
1217 1183
1217 1258
1217 1338
1217 1408
1217 1584
1217 1888
520 360
520 365
520 438
520 460
520 495
520 497
520 514
520 523
520 524
520 527
520 542
520 545
520 567
1749 1090
1749 1236
1749 1248
1749 1785
2458 1577
2458 1920
2458 2026
2458 2038
2458 2053
2458 2072
2458 2081
2458 2101
2458 2187
2458 2235
2458 2254
2458 2280
2458 2327
2458 2328
2458 2384
2458 2543
2458 2598
2458 2617
2458 2652
3154 2713
3154 2793
3154 2870
3154 3001
3154 3016
3154 3344
3154 3371
3763 3459
3763 3648
3763 3793
151 14
151 312
722 737
722 738
722 745
722 768
2097 1973
2097 1991
2097 2000
2097 2626
2097 2640
2097 2645
1 48
1 92
1975 1930
1975 2035
1975 2126
1975 2158
1975 2175
1975 2313
1975 2397
1975 2488
1975 2534
2384 1577
2384 1920
2384 1973
2384 1994
2384 2003
2384 2026
2384 2038
2384 2053
2384 2072
2384 2075
2384 2081
2384 2087
2384 2101
2384 2110
2384 2133
2384 2134
2384 2144
2384 2151
2384 2187
2384 2194
2384 2196
2384 2198
2384 2208
2384 2221
2384 2232
2384 2235
2384 2259
2384 2280
2384 2327
2384 2328
2384 2413
2384 2472
2384 2529
2384 2543
2384 2582
2384 2598
2384 2603
2384 2617
2384 2652
2908 2839
2908 2880
2908 3040
2908 3220
2908 3284
2908 3426
969 1032
969 1282
969 1502
460 360
460 391
460 392
460 432
460 438
460 452
460 473
460 495
460 497
460 514
460 523
460 524
460 542
460 545
460 560
460 567
1347 896
1347 902
1347 957
1347 975
1347 981
1347 1060
1347 1158
1347 1277
1347 1282
1347 1426
1347 1502
1347 1587
1347 1628
1347 1680
1347 1691
1347 1727
3648 3493
3648 3506
3648 3758
1410 1085
1410 1593
1410 1825
1410 1866
2163 1577
2163 1923
2163 2087
2163 2198
2163 2328
2163 2519
2163 2543
2163 2582
3804 3485
3804 3528
3804 3557
3804 3627
3804 3633
3804 3670
3804 3762
3804 3838
3804 3845
3804 3858
3804 3938
2130 2313
2130 2397
1900 1330
1900 1768
1973 2050
1973 2159
1973 2202
1973 2337
1973 2626
1973 2636
1973 2640
2552 1925
2552 1984
2552 2058
2552 2059
2552 2073
2552 2090
2552 2340
2552 2408
2552 2414
2552 2542
2552 2590
2552 2593
2552 2601
2552 2611
2552 2624
2552 2654
2552 2655
3261 2781
3261 2823
3261 2845
3261 2875
3261 2976
3261 3113
3261 3225
3261 3298
3261 3377
3261 3396
3535 3532
3535 3645
3535 3758
3535 3866
2603 1923
2603 2003
2603 2072
2603 2075
2603 2081
2603 2101
2603 2110
2603 2133
2603 2221
2603 2235
2603 2325
2603 2327
2603 2328
2603 2416
2603 2617
2603 2652
1813 921
1813 966
1813 967
1813 1029
1813 1049
1813 1075
1813 1184
1813 1211
1813 1214
1813 1219
1813 1255
1813 1323
1813 1327
1813 1335
1813 1337
1813 1367
1813 1483
1813 1488
1813 1520
1813 1528
1813 1554
1813 1563
1813 1584
1813 1639
1813 1659
1813 1689
1813 1765
1813 1768
1813 1791
1813 1799
1813 1861
1813 1888
1813 1898
1813 1911
2133 1577
2133 1718
2133 1923
2133 2026
2133 2031
2133 2038
2133 2072
2133 2081
2133 2087
2133 2144
2133 2151
2133 2175
2133 2187
2133 2194
2133 2196
2133 2198
2133 2209
2133 2210
2133 2211
2133 2232
2133 2254
2133 2291
2133 2313
2133 2325
2133 2328
2133 2416
2133 2480
2133 2543
2133 2582
2133 2598
2133 2617
524 360
524 391
524 426
524 438
524 497
524 503
524 514
524 523
524 527
524 542
524 567
524 614
2695 2706
2695 2839
2695 2943
3001 2820
3001 2870
3405 3061
3533 3438
3533 3633
3533 3795
812 824
3498 3636
3498 3907
1695 930
1695 1080
1695 1142
1695 1427
1695 1464
1695 1565
1695 1773
1695 1801
2803 2690
2803 2813
2803 2882
2803 3196
3829 3506
3829 3510
3829 3532
3829 3602
3829 3758
3829 3767
2666 2839
2666 2851
2666 2872
2666 2897
2666 2917
2666 3033
2666 3040
2666 3064
2666 3084
2666 3284
2666 3364
2666 3426
3870 3486
3870 3690
3870 3793
3870 3826
3870 3896
1403 1016
1403 1499
2134 1577
2134 1920
2134 1982
2134 2026
2134 2038
2134 2053
2134 2081
2134 2087
2134 2101
2134 2187
2134 2194
2134 2196
2134 2254
2134 2543
2134 2598
1753 921
1753 934
1753 967
1753 1092
1753 1255
1753 1323
1753 1528
1753 1554
1753 1563
1753 1584
1753 1659
1753 1689
1753 1761
1753 1768
1753 1799
1753 1861
1753 1888
2875 2793
2875 2823
2875 2976
2875 3043
2875 3079
2875 3272
2875 3396
3231 2789
3231 2851
3231 3229
3231 3269
3231 3400
1531 935
1531 1268
1531 1443
1531 1781
1722 1029
1722 1214
1722 1330
1722 1483
1722 1488
1722 1528
1722 1768
514 360
514 391
514 392
514 432
514 438
514 495
514 503
514 527
514 537
514 569
514 614
3357 3043
118 134
118 199
118 200
118 203
118 313
2182 2452
2182 2480
352 398
352 404
352 503
352 542
2889 2858
2889 3325
2889 3423
877 776
1249 1041
1249 1169
1249 1258
1249 1338
1249 1703
2813 2784
2813 3393
2813 3409
1427 915
1427 930
1427 1032
1427 1080
1427 1122
1427 1142
1427 1210
1427 1237
1427 1464
1427 1515
1427 1565
1427 1584
1427 1773
1427 1801
1427 1878
503 388
503 391
503 392
503 398
503 404
503 438
503 473
503 497
503 527
503 537
503 542
503 560
503 567
398 404
398 497
398 527
398 545
2026 1577
2026 1925
2026 2072
2026 2081
2026 2087
2026 2187
2026 2196
2026 2287
2026 2327
2026 2328
2026 2414
2026 2543
2026 2598
2026 2617
546 426
546 432
546 438
546 452
546 455
546 474
546 489
546 497
2605 1577
2605 2543
2851 2789
2851 3084
2851 3229
2882 2690
3896 3506
3896 3784
3896 3793
3896 3826
226 14
226 312
3307 2847
3307 3035
3307 3215
771 818
771 850
2072 1577
2072 1718
2072 1920
2072 2003
2072 2038
2072 2053
2072 2075
2072 2081
2072 2101
2072 2110
2072 2144
2072 2187
2072 2198
2072 2232
2072 2235
2072 2254
2072 2280
2072 2327
2072 2328
2072 2598
2072 2617
2072 2652
3117 2759
3117 2810
3117 2839
3117 2841
3117 2880
3117 3033
3117 3040
3117 3215
3117 3364
3639 3523
3639 3695
2209 1923
2209 2031
2209 2038
2209 2211
2209 2226
2209 2232
2209 2325
2209 2416
2209 2480
2887 2683
2887 2756
2887 2810
2887 2897
2887 3084
2887 3220
2887 3400
2745 2789
2745 2839
2745 2872
2745 3033
2745 3284
3894 3447
3894 3580
3894 3863
3377 3113
3377 3396
3871 3725
3871 3917
2427 2328
2427 2476
2427 2499
2427 2611
113 50
113 72
113 134
113 148
113 169
113 199
113 200
113 203
113 285
113 291
113 313
3325 3283
3325 3423
1283 1327
1283 1384
1283 1411
1283 1520
1283 1554
1283 1863
1283 1911
3686 3670
2847 2856
1317 1049
1317 1085
1317 1534
3839 3626
3683 3656
1323 906
1323 921
1323 1029
1323 1214
1323 1255
1323 1330
1323 1335
1323 1460
1323 1520
1323 1554
1323 1563
1323 1768
1323 1791
1323 1799
1323 1888
3845 3485
3845 3838
2328 1577
2328 1718
2328 1920
2328 1923
2328 2003
2328 2053
2328 2075
2328 2081
2328 2087
2328 2101
2328 2110
2328 2151
2328 2187
2328 2194
2328 2196
2328 2198
2328 2221
2328 2235
2328 2252
2328 2254
2328 2280
2328 2325
2328 2327
2328 2529
2328 2542
2328 2543
2328 2582
2328 2598
2328 2617
2328 2652
2259 1920
2259 1924
2259 2038
2259 2087
2259 2194
2259 2232
2259 2280
2259 2327
2259 2543
2259 2598
3423 3283
1169 1041
1169 1529
1169 1624
1169 1703
2872 2839
2872 2873
2872 2880
2872 3033
2872 3040
2872 3054
2872 3064
2872 3084
2872 3284
2872 3426
1624 1041
1624 1109
1624 1139
1624 1338
2949 2933
2949 2997
2949 3028
1387 1297
1387 1678
1060 896
1060 957
1060 975
1060 981
1060 1158
1060 1277
1060 1423
1060 1426
1060 1515
1060 1576
1060 1628
1060 1716
1060 1903
14 312
159 127
3758 3459
3758 3506
3758 3583
3758 3612
3758 3690
3758 3786
3758 3793
3758 3855
2839 2680
2839 2681
2839 2683
2839 2706
2839 2756
2839 2761
2839 2810
2839 2880
2839 2943
2839 3033
2839 3040
2839 3054
2839 3064
2839 3220
2839 3284
2839 3286
2839 3364
2839 3426
2839 3433
3035 2674
3035 2781
3035 2793
3035 2939
3035 2991
3035 3021
3035 3102
3035 3113
3035 3296
3035 3344
3901 3809
3901 3933
1930 2035
1930 2313
1930 2397
217 100
4019 3998
3298 2845
3298 2976
3298 3113
3298 3396
1310 1236
1310 1308
1310 1338
1310 1703
1984 1917
1984 1925
1984 1962
1984 2043
1984 2059
1984 2073
1984 2086
1984 2090
1984 2237
1984 2261
1984 2271
1984 2278
1984 2290
1984 2340
1984 2356
1984 2408
1984 2414
1984 2446
1984 2469
1984 2499
1984 2542
1984 2543
1984 2553
1984 2560
1984 2573
1984 2590
1984 2593
1984 2601
1984 2606
1984 2611
1984 2624
1984 2631
1984 2654
1984 2655
2825 2787
2825 2844
46 177
2943 2680
2943 2683
2943 2706
2943 2810
2943 2880
2943 2897
2943 3054
2943 3220
2943 3243
2943 3284
2943 3286
2943 3301
2943 3426
2943 3433
1335 966
1335 1184
1335 1211
1335 1214
1335 1250
1335 1330
1335 1365
1335 1367
1335 1456
1335 1483
1335 1488
1335 1554
1335 1584
1335 1597
1335 1799
1335 1810
1335 1888
1237 1080
1237 1122
1237 1184
1237 1464
1237 1512
1237 1778
2548 2217
2548 2313
2087 1577
2087 1718
2087 1920
2087 1994
2087 2038
2087 2053
2087 2081
2087 2144
2087 2151
2087 2187
2087 2194
2087 2196
2087 2198
2087 2208
2087 2254
2087 2305
2087 2325
2087 2327
2087 2472
2087 2543
2087 2582
2087 2598
2087 2617
1032 596
1032 896
1032 919
1032 1018
1032 1277
1032 1282
1032 1316
1032 1324
1032 1454
1032 1502
1032 1515
1032 1595
1250 906
1250 967
1250 1003
1250 1049
1250 1075
1250 1092
1250 1112
1250 1184
1250 1211
1250 1255
1250 1330
1250 1344
1250 1367
1250 1456
1250 1488
1250 1554
1250 1584
1250 1597
1250 1644
1250 1652
1250 1659
1250 1689
1250 1724
1250 1765
1250 1768
1250 1799
1250 1810
1250 1861
1250 1877
1250 1888
2690 2759
2690 2784
2690 2787
2690 2844
2690 2856
2690 3196
2690 3349
2690 3395
3863 3446
3212 2793
3212 2856
3576 3440
3576 3528
3576 3543
3576 3573
3576 3670
3576 3838
3576 3858
3576 3938
921 934
921 967
921 1049
921 1255
921 1367
921 1520
921 1554
921 1563
921 1584
921 1639
921 1689
921 1718
921 1761
921 1765
921 1768
921 1888
269 100
269 329
297 185
297 200
297 203
297 323
185 79
185 148
185 169
185 170
185 200
185 285
2706 2680
2706 2761
2706 2810
2706 2880
2706 2891
2706 3220
2706 3286
2706 3426
3767 3532
1112 967
1112 1003
1112 1049
1112 1075
1112 1184
1112 1255
1112 1344
1112 1367
1112 1644
1112 1724
1112 1799
1112 1888
3196 2718
3196 3032
3196 3289
2086 1917
2086 1962
2086 2043
2086 2058
2086 2059
2086 2073
2086 2090
2086 2216
2086 2261
2086 2290
2086 2340
2086 2356
2086 2408
2086 2414
2086 2446
2086 2469
2086 2542
2086 2543
2086 2553
2086 2560
2086 2590
2086 2593
2086 2601
2086 2611
2086 2654
2086 2655
2611 1917
2611 1925
2611 1962
2611 2043
2611 2058
2611 2059
2611 2073
2611 2090
2611 2164
2611 2210
2611 2216
2611 2237
2611 2261
2611 2271
2611 2278
2611 2290
2611 2340
2611 2356
2611 2408
2611 2414
2611 2446
2611 2469
2611 2476
2611 2499
2611 2542
2611 2543
2611 2553
2611 2560
2611 2573
2611 2579
2611 2590
2611 2593
2611 2601
2611 2606
2611 2624
2611 2631
2611 2654
2611 2655
432 360
432 438
432 452
432 455
432 497
432 527
432 545
432 569
3827 3778
1846 1092
1846 1175
1846 1214
1846 1255
1846 1458
1846 1520
1846 1639
1846 1718
1846 1765
545 404
545 497
545 523
545 537
470 452
2187 1577
2187 1718
2187 1920
2187 1994
2187 2038
2187 2053
2187 2081
2187 2144
2187 2151
2187 2194
2187 2196
2187 2198
2187 2254
2187 2327
2187 2472
2187 2543
2187 2571
2187 2582
2187 2598
2187 2617
3493 3486
3493 3506
2810 2683
2810 2821
2810 2873
2810 2880
2810 3084
2810 3220
2810 3433
270 203
1644 906
1644 1003
1644 1049
1644 1075
1644 1175
1644 1184
1644 1344
1644 1367
1644 1597
1644 1639
1644 1652
1644 1659
1644 1689
1644 1700
1644 1724
1644 1765
3784 3438
3784 3506
3784 3793
3784 3973
1201 1029
1201 1175
1201 1214
1201 1456
1201 1483
1201 1689
1201 1768
1201 1888
1244 1090
1244 1127
1244 1703
1244 1781
92 254
1810 966
1810 1184
1810 1211
1810 1344
1810 1365
1810 1367
1810 1456
1810 1488
1810 1563
1810 1584
1810 1652
1810 1761
1810 1765
1810 1799
1810 1877
1810 1888
360 365
360 388
360 438
360 495
360 497
360 523
360 542
360 567
2003 1718
2003 2075
2003 2081
2003 2101
2003 2110
2003 2221
2003 2235
2003 2327
2003 2453
2003 2652
3446 3580
1200 1268
3855 3486
3855 3506
2631 1917
2631 2059
2631 2073
2631 2090
2631 2210
2631 2271
2631 2278
2631 2290
2631 2340
2631 2356
2631 2499
2631 2542
2631 2543
2631 2553
2631 2573
2631 2579
2631 2590
2631 2593
2631 2624
2631 2655
2917 2680
2917 3301
62 170
62 199
62 200
62 323
3645 3459
3645 3786
3645 3866
3040 3033
3040 3064
3040 3284
3040 3426
2845 2823
2845 3396
3436 3301
2582 1577
2582 1718
2582 1920
2582 2038
2582 2081
2582 2151
2582 2196
2582 2519
2582 2543
2582 2598
934 1175
934 1211
934 1367
934 1456
934 1584
934 1597
934 1761
934 1768
934 1791
934 1799
934 1888
298 72
298 199
298 232
3284 2680
3284 2880
3284 3033
3284 3054
3284 3064
3284 3426
992 1118
992 1452
992 1533
1498 1483
2933 2997
2933 3028
1652 906
1652 966
1652 1003
1652 1175
1652 1184
1652 1211
1652 1214
1652 1344
1652 1367
1652 1456
1652 1539
1652 1597
1652 1689
1652 1724
1652 1877
1652 1888
2110 2075
2110 2081
2110 2101
2110 2221
2110 2226
2110 2235
2110 2327
2110 2652
1691 896
1691 902
1691 957
1691 981
1691 1036
1691 1158
1691 1277
1691 1423
1691 1426
1691 1576
1691 1628
1691 1680
1691 1716
1691 1862
3032 2718
3866 3690
3866 3793
627 583
1367 906
1367 966
1367 967
1367 1003
1367 1049
1367 1075
1367 1092
1367 1184
1367 1211
1367 1219
1367 1255
1367 1344
1367 1488
1367 1520
1367 1539
1367 1554
1367 1584
1367 1597
1367 1659
1367 1689
1367 1724
1367 1791
1367 1799
1367 1877
1367 1888
1041 1109
1041 1121
1041 1139
1041 1338
1041 1681
1041 1703
1041 1815
1041 1869
3964 3933
2579 1917
2579 1925
2579 1962
2579 2043
2579 2059
2579 2073
2579 2090
2579 2164
2579 2210
2579 2271
2579 2278
2579 2290
2579 2306
2579 2340
2579 2356
2579 2408
2579 2446
2579 2542
2579 2543
2579 2553
2579 2560
2579 2573
2579 2590
2579 2593
2579 2601
2579 2624
2579 2655
2954 2739
2954 2841
2954 3215
2204 2034
537 388
537 392
537 404
537 497
537 560
537 567
537 569
3447 3580
2759 2812
2759 2820
2759 2854
2759 2961
2759 3064
2759 3286
2759 3426
3532 3610
542 392
542 404
542 473
542 495
542 497
542 527
542 560
542 567
809 783
809 793
1139 1109
1139 1236
1139 1308
1139 1338
1139 1703
1139 1815
1139 1869
3289 1450
3289 1666
3289 2976
3289 3396
589 596
589 605
589 617
589 620
589 664
1862 896
1862 975
1862 981
1862 1036
1862 1277
1862 1576
1862 1655
1862 1680
1862 1716
1862 1903
2210 1962
2210 2073
2210 2216
2210 2271
2210 2290
2210 2306
2210 2340
2210 2414
2210 2446
2210 2469
2210 2543
2210 2560
2210 2573
2210 2590
2210 2601
2210 2624
2210 2655
1464 930
1464 1080
1464 1142
1464 1878
3243 3054
3243 3084
3243 3433
3376 3425
3523 3695
614 391
614 438
614 645
1092 967
1092 1214
1092 1761
1092 1768
1458 1123
1458 1211
1458 1488
1458 1718
1458 1768
1458 1863
1865 1337
1865 1911
2023 2035
2023 2488
2023 2577
2612 2031
2612 2038
2612 2211
2612 2226
2612 2232
2612 2325
2870 2820
738 696
738 745
738 805
1426 896
1426 902
1426 975
1426 981
1426 1036
1426 1277
1426 1392
1426 1423
1426 1515
1426 1587
1426 1628
1426 1655
1426 1680
1426 1903
2756 2681
2756 2683
2756 2873
2756 3084
2756 3220
2756 3364
2756 3433
1142 915
1142 930
1142 1080
1142 1565
1142 1773
1142 1878
3400 2683
3400 3084
3400 3269
2543 1577
2543 1718
2543 1917
2543 1920
2543 1925
2543 1962
2543 1994
2543 2038
2543 2043
2543 2053
2543 2059
2543 2073
2543 2081
2543 2090
2543 2144
2543 2151
2543 2194
2543 2196
2543 2216
2543 2232
2543 2237
2543 2261
2543 2271
2543 2278
2543 2290
2543 2306
2543 2327
2543 2340
2543 2356
2543 2408
2543 2414
2543 2446
2543 2469
2543 2472
2543 2519
2543 2542
2543 2560
2543 2573
2543 2590
2543 2593
2543 2598
2543 2601
2543 2606
2543 2624
2543 2654
3703 3440
3703 3938
426 407
426 455
1210 930
1210 1080
1210 1212
1210 1268
1210 1408
1210 1425
1210 1565
1210 1778
1031 1666
1276 1791
1049 906
1049 967
1049 1075
1049 1123
1049 1184
1049 1344
1049 1528
1049 1534
1049 1554
1049 1597
1049 1659
1049 1689
1049 1724
1049 1877
1049 1888
2873 2683
2873 3033
2873 3054
2873 3084
2873 3301
2873 3364
2873 3433
2325 1718
2325 1923
2325 2031
2325 2038
2325 2107
2325 2194
2325 2196
2325 2211
2325 2226
2325 2232
2325 2313
2325 2416
2325 2452
2325 2480
386 532
1628 896
1628 902
1628 957
1628 975
1628 1158
1628 1277
1628 1324
1628 1392
1628 1423
1628 1576
1628 1587
1628 1716
1628 1887
1628 1903
1869 1236
1869 1338
1869 1781
1869 1815
1510 1778
900 908
900 919
900 1825
1898 966
1898 1029
1898 1330
1898 1336
1898 1456
1898 1483
1898 1488
1898 1768
1898 1791
1898 1888
2075 2053
2075 2081
2075 2221
2075 2235
2075 2280
2075 2327
2075 2617
2075 2652
2991 2674
2991 2781
2991 2793
2991 3102
2991 3113
2991 3396
3344 2674
3344 2713
3344 2793
3344 2939
3344 2976
3344 3021
3344 3102
3344 3296
3344 3393
2793 2674
2793 2787
2793 2939
2793 3021
2793 3396
2761 2683
2761 3054
2761 3286
2761 3390
2761 3426
105 69
105 148
793 783
793 850
1036 896
1036 902
1036 957
1036 981
1036 1158
1036 1277
1036 1576
1036 1655
1036 1680
1905 1266
1905 1544
588 617
588 618
588 633
2050 2000
2050 2337
2050 2640
2050 2645
1338 1109
1338 1183
1338 1236
1338 1258
1338 1703
1338 1785
1338 1815
455 407
455 429
455 497
455 568
455 569
1903 896
1903 975
1903 1158
1903 1277
1903 1423
248 134
248 169
248 200
248 291
248 323
2922 3028
1593 908
1593 1085
1593 1337
1593 1452
1593 1825
1593 1866
3480 3438
3480 3633
3480 3938
1452 1118
1452 1533
2340 1917
2340 1925
2340 1962
2340 1963
2340 2043
2340 2059
2340 2073
2340 2090
2340 2164
2340 2216
2340 2237
2340 2261
2340 2271
2340 2278
2340 2287
2340 2290
2340 2306
2340 2356
2340 2408
2340 2414
2340 2446
2340 2469
2340 2477
2340 2542
2340 2553
2340 2560
2340 2573
2340 2590
2340 2593
2340 2601
2340 2624
2340 2654
2340 2655
2480 1923
2480 2031
2480 2416
2654 1917
2654 1925
2654 1962
2654 2043
2654 2058
2654 2059
2654 2073
2654 2090
2654 2237
2654 2261
2654 2271
2654 2290
2654 2356
2654 2408
2654 2446
2654 2469
2654 2542
2654 2560
2654 2590
2654 2593
2654 2601
2654 2624
2654 2655
1778 915
1778 1223
1778 1425
1778 1529
2590 1917
2590 1925
2590 1962
2590 1963
2590 2043
2590 2058
2590 2059
2590 2073
2590 2090
2590 2092
2590 2164
2590 2216
2590 2237
2590 2261
2590 2271
2590 2278
2590 2287
2590 2290
2590 2356
2590 2408
2590 2414
2590 2446
2590 2469
2590 2477
2590 2542
2590 2553
2590 2560
2590 2573
2590 2593
2590 2601
2590 2624
2590 2655
2327 1577
2327 1920
2327 1982
2327 2031
2327 2038
2327 2053
2327 2081
2327 2101
2327 2194
2327 2211
2327 2232
2327 2235
2327 2254
2327 2280
2327 2598
2327 2617
2327 2652
831 690
831 740
831 773
831 805
2126 1922
2126 1933
2126 2035
2126 2099
2126 2107
2126 2152
2126 2313
2126 2488
2126 2577
2278 1917
2278 1925
2278 1962
2278 1963
2278 2043
2278 2059
2278 2073
2278 2090
2278 2164
2278 2271
2278 2287
2278 2290
2278 2306
2278 2356
2278 2408
2278 2414
2278 2446
2278 2477
2278 2499
2278 2542
2278 2553
2278 2560
2278 2573
2278 2593
2278 2624
2278 2655
2725 2903
2821 3413
1158 896
1158 902
1158 957
1158 1277
1158 1392
1158 1423
1158 1454
1158 1502
1158 1576
1158 1716
2488 1933
2488 2035
2488 2107
2488 2158
2488 2313
2488 2397
878 863
1327 908
1327 951
1327 1337
1327 1384
1327 1520
1327 1563
1327 1597
1327 1689
1327 1718
1327 1911
523 388
523 438
523 497
1268 1529
1718 951
1718 1577
1718 1697
1718 1863
1718 1911
1718 1920
1718 2031
1718 2038
1718 2081
1718 2144
1718 2151
1718 2196
1718 2198
1718 2254
1718 2529
1718 2598
1718 2617
1920 1577
1920 1994
1920 2038
1920 2053
1920 2081
1920 2144
1920 2151
1920 2194
1920 2196
1920 2235
1920 2472
1920 2598
1920 2617
1680 596
1680 896
1680 902
1680 935
1680 975
1680 1277
1680 1576
1680 1587
1680 1655
2680 2891
2680 3033
2680 3054
2680 3064
2680 3426
3998 3999
2534 2227
2534 2313
2626 1991
2626 2159
2626 2202
2626 2636
1933 2577
1277 896
1277 902
1277 919
1277 957
1277 975
1277 1018
1277 1282
1277 1392
1277 1423
1277 1454
1277 1515
1277 1576
1277 1587
1277 1595
1277 1655
1277 1716
1219 966
1219 1768
1219 1888
1697 1337
2291 2031
2291 2211
2291 2453
2291 2624
2781 2674
2781 2787
2781 2939
2781 3113
2781 3425
3936 3442
3495 862
3495 1085
3495 3440
3495 3609
3495 3633
3495 3796
3495 3938
232 72
232 199
232 200
232 231
232 285
232 291
1248 1785
1863 1123
1863 1175
1863 1211
1863 1214
1863 1337
1863 1488
1863 1768
1863 1888
1863 1911
3741 1085
3741 3609
3741 3633
3741 3852
3741 3938
1724 906
1724 1003
1724 1075
1724 1175
1724 1184
1724 1223
1724 1344
1724 1528
1724 1539
1724 1659
1724 1689
1724 1861
1724 1877
2499 1917
2499 2073
2499 2090
2499 2261
2499 2446
2499 2553
2499 2560
2499 2655
1678 1450
169 125
169 291
2252 2081
3975 3476
3975 3774
1423 896
1423 957
1423 975
1423 1316
1423 1502
1423 1515
1423 1576
1423 1655
3917 3595
3917 3725
3917 3874
3917 3892
2144 1577
2144 2038
2144 2081
2144 2194
2144 2196
2144 2254
2144 2472
2144 2598
2144 2617
2059 1917
2059 1962
2059 1963
2059 2043
2059 2073
2059 2090
2059 2216
2059 2237
2059 2261
2059 2271
2059 2290
2059 2306
2059 2356
2059 2408
2059 2414
2059 2446
2059 2469
2059 2477
2059 2542
2059 2553
2059 2560
2059 2573
2059 2593
2059 2601
2059 2606
2059 2624
2059 2655
291 72
291 199
291 231
291 329
2844 2715
2844 2791
2844 3395
2099 2230
2099 2313
2107 1915
2107 1922
2107 2035
2107 2152
2107 2227
2107 2313
2107 2562
2107 2656
2261 1917
2261 1962
2261 2043
2261 2073
2261 2090
2261 2237
2261 2271
2261 2290
2261 2356
2261 2408
2261 2414
2261 2542
2261 2553
2261 2560
2261 2593
2261 2601
2261 2624
2261 2655
3573 3838
3573 3852
2194 1577
2194 1994
2194 2053
2194 2081
2194 2196
2194 2232
2194 2472
2194 2571
2194 2598
2542 1917
2542 1925
2542 1962
2542 1963
2542 2043
2542 2073
2542 2090
2542 2164
2542 2216
2542 2271
2542 2287
2542 2290
2542 2306
2542 2356
2542 2408
2542 2414
2542 2446
2542 2469
2542 2553
2542 2560
2542 2573
2542 2593
2542 2601
2542 2624
2542 2655
3973 3793
2208 2560
79 200
2168 2106
957 896
957 902
957 975
957 981
957 1392
957 1576
957 1655
957 1716
399 393
2287 2090
2287 2446
2287 2553
2287 2593
2287 2601
1336 966
1336 1211
1336 1456
1336 1488
1336 1888
1109 1681
481 429
481 474
481 489
146 50
146 148
146 285
146 313
3725 3595
3725 3874
3725 3892
727 696
727 770
727 805
727 824
727 830
3572 3486
1330 966
1330 1029
1330 1211
1330 1456
1330 1483
1330 1488
1330 1520
1330 1554
1330 1584
1330 1768
1330 1791
1330 1861
1330 1888
1639 1003
1639 1123
1639 1175
1639 1255
1639 1460
1639 1520
1639 1539
1639 1584
1639 1761
1639 1765
1639 1768
1639 1791
1639 1888
3364 2683
3364 3033
3364 3084
3364 3433
1799 966
1799 1003
1799 1123
1799 1184
1799 1211
1799 1255
1799 1344
1799 1365
1799 1520
1799 1554
1799 1563
1799 1584
1799 1597
1799 1689
1799 1761
1799 1768
1799 1877
1799 1888
3349 2784
3349 2856
3390 2683
3390 2854
3390 3033
3084 2683
3084 2789
3084 2963
3084 3054
3084 3426
3084 3433
3727 3949
2961 3286
489 452
489 474
712 736
712 768
2505 1974
2505 2453
3215 3272
495 438
495 473
2159 1991
2159 2202
2159 2640
2593 1917
2593 1925
2593 1962
2593 2043
2593 2073
2593 2090
2593 2164
2593 2216
2593 2237
2593 2271
2593 2290
2593 2306
2593 2356
2593 2408
2593 2414
2593 2446
2593 2469
2593 2477
2593 2553
2593 2560
2593 2573
2593 2601
2593 2624
2593 2655
497 388
497 391
497 392
497 438
497 452
497 527
497 560
497 567
3607 3933
967 1003
967 1175
967 1255
967 1365
967 1520
967 1528
967 1554
967 1563
967 1584
967 1659
967 1689
967 1768
967 1791
967 1843
967 1888
532 467
2674 2939
2674 3016
2674 3021
2674 3102
2674 3113
2674 3296
1703 1090
1703 1127
1703 1183
1703 1236
1703 1258
1703 1308
1703 1584
1214 1029
1214 1175
1214 1211
1214 1483
1214 1539
1214 1768
1214 1791
1214 1861
1214 1888
1214 1911
2606 1962
2606 2043
2606 2290
2606 2414
2606 2469
2606 2560
2606 2601
2606 2624
2606 2655
1597 1003
1597 1075
1597 1184
1597 1211
1597 1344
1597 1483
1597 1520
1597 1554
1597 1584
1597 1659
1597 1689
1597 1761
1597 1791
1597 1877
1597 1888
862 1085
862 3609
862 3633
862 3779
2636 1991
2636 2000
2636 2202
2636 2645
3636 3442
3636 3907
1666 1266
1666 1450
1666 1534
1666 1577
1666 3222
1512 1223
1512 1694
1512 1878
3656 3633
2413 1577
2413 2529
2446 1962
2446 1963
2446 2043
2446 2073
2446 2090
2446 2216
2446 2237
2446 2271
2446 2290
2446 2306
2446 2356
2446 2408
2446 2414
2446 2477
2446 2553
2446 2560
2446 2573
2446 2601
2446 2655
765 780
1085 1825
1085 1866
1085 3440
1085 3609
1085 3633
200 72
200 170
200 199
200 203
200 285
200 323
770 740
770 783
770 799
770 824
313 170
313 199
313 203
313 285
313 314
2306 1963
2306 2043
2306 2073
2306 2090
2306 2164
2306 2237
2306 2290
2306 2356
2306 2414
2306 2560
2306 2573
2306 2601
2306 2624
2306 2655
170 203
170 260
170 285
170 323
2617 1577
2617 2038
2617 2053
2617 2081
2617 2101
2617 2196
2617 2235
2617 2254
2617 2280
2617 2598
2617 2652
887 776
975 896
975 902
975 981
975 1502
975 1576
975 1587
975 1655
975 1716
2221 2101
2221 2226
2221 2235
2221 2652
3486 3506
3486 3793
3486 3826
2632 2313
1962 1917
1962 2043
1962 2073
1962 2090
1962 2164
1962 2216
1962 2271
1962 2290
1962 2356
1962 2408
1962 2414
1962 2469
1962 2477
1962 2553
1962 2560
1962 2573
1962 2601
1962 2624
1962 2655
773 690
773 696
773 737
773 745
773 780
773 824
1502 896
1502 981
1502 1282
1502 1454
1502 1515
1502 1587
1324 896
1324 1018
1324 1282
1324 1454
1324 1515
1308 1236
1308 1785
2151 1577
2151 2598
2477 1917
2477 2090
2477 2216
2477 2271
2477 2356
2477 2408
2477 2414
2477 2553
2477 2560
2477 2601
2477 2624
203 48
203 50
203 134
203 199
203 285
203 308
805 696
805 737
805 745
805 780
805 818
805 824
805 830
2831 2715
2831 2822
2831 3312
2831 3393
1255 1003
1255 1175
1255 1184
1255 1520
1255 1528
1255 1539
1255 1554
1255 1563
1255 1584
1255 1659
1255 1765
1255 1768
1255 1791
1255 1888
3609 3633
3609 3779
3609 3938
3893 3612
2226 1923
2226 2038
2226 2053
2226 2416
2226 2493
2226 2598
1982 2092
1982 2235
1982 2280
1982 2560
2713 3371
1861 906
1861 1023
1861 1029
1861 1075
1861 1175
1861 1344
1861 1520
1861 1539
1861 1554
1861 1563
1861 1659
1861 1768
1861 1791
1861 1888
841 740
3222 1534
3222 2822
2337 2000
2337 2640
2337 2645
3428 2789
3774 3476
2081 1577
2081 1994
2081 2053
2081 2101
2081 2196
2081 2235
2081 2254
2081 2280
2081 2472
2081 2598
2081 2652
392 404
392 473
392 527
392 560
392 567
1878 930
1878 1080
1878 1122
1878 1408
3286 2683
3286 2854
3286 2880
100 323
1515 596
1515 896
1515 1282
1515 1454
1515 1595
3995 3988
148 50
2232 2031
2232 2038
2232 2211
2232 2280
2232 2313
2232 2571
2232 2598
3610 3659
3610 3779
3610 3888
2560 1917
2560 1925
2560 1963
2560 2043
2560 2073
2560 2090
2560 2164
2560 2216
2560 2237
2560 2271
2560 2290
2560 2356
2560 2408
2560 2414
2560 2469
2560 2573
2560 2601
2560 2624
2560 2655
2043 1917
2043 1925
2043 2058
2043 2073
2043 2090
2043 2164
2043 2216
2043 2237
2043 2271
2043 2290
2043 2356
2043 2408
2043 2414
2043 2469
2043 2553
2043 2573
2043 2601
2043 2624
2043 2655
127 135
2035 2313
2035 2397
1127 1090
1127 1183
1127 1236
1127 1785
1534 1450
1534 1577
1534 1825
1534 2822
1915 1922
2681 2683
2681 3054
2681 3301
2681 3433
1773 930
1773 1425
1773 1565
1773 1801
3809 3476
3809 3933
527 391
527 473
527 567
2897 2880
2897 3033
2897 3054
2897 3064
3778 3442
3778 3876
314 50
314 199
3021 2939
3021 3102
3021 3296
3021 3396
2416 1923
2416 2031
2416 2038
2416 2211
3395 2787
3395 3219
3627 3485
3627 3528
3627 3557
645 438
645 567
3840 3850
2640 2202
2640 2645
1866 908
2553 1917
2553 1925
2553 1963
2553 2073
2553 2090
2553 2216
2553 2271
2553 2290
2553 2356
2553 2408
2553 2414
2553 2469
2553 2573
2553 2601
2553 2624
2553 2655
1925 1917
1925 2058
1925 2073
1925 2164
1925 2271
1925 2290
1925 2356
1925 2414
1925 2573
1925 2601
1925 2624
1925 2655
2787 2715
2787 2939
2787 3312
799 745
2255 2453
3301 2683
3301 3426
3850 3442
3219 2784
3219 3409
2645 1991
2645 2000
951 1337
3064 2880
3064 3033
3064 3054
3064 3426
438 388
438 391
438 452
438 473
438 596
1727 1529
1727 1681
745 696
745 737
745 824
745 830
1408 914
1408 915
1408 930
1408 1122
3113 2939
3113 3016
3113 3272
1554 906
1554 1075
1554 1175
1554 1211
1554 1344
1554 1411
1554 1488
1554 1520
1554 1563
1554 1584
1554 1689
1554 1768
1554 1791
1554 1877
1554 1888
2230 2313
2090 1917
2090 2073
2090 2216
2090 2237
2090 2271
2090 2290
2090 2356
2090 2408
2090 2414
2090 2469
2090 2573
2090 2601
2090 2624
2090 2655
981 896
981 902
981 1587
1018 896
1018 1282
1018 1454
1018 1595
1018 1716
1080 930
1080 1122
1080 1565
1080 1785
1080 1801
1856 1029
2856 2784
1316 1454
1488 966
1488 1003
1488 1123
1488 1184
1488 1211
1488 1456
1488 1539
1488 1584
1488 1689
1488 1768
1488 1888
2414 1917
2414 2073
2414 2216
2414 2237
2414 2271
2414 2290
2414 2356
2414 2408
2414 2469
2414 2476
2414 2573
2414 2601
2414 2624
2414 2655
966 906
966 1184
966 1211
966 1456
966 1584
966 1888
1003 906
1003 1075
1003 1175
1003 1184
1003 1520
1003 1539
1003 1563
1003 1659
1003 1689
1003 1765
1003 1843
1003 1877
1003 1888
1064 1212
1064 1443
1064 1694
404 388
404 452
404 560
1062 1183
1062 1223
473 560
1184 906
1184 1075
1184 1211
1184 1344
1184 1456
1184 1520
1184 1539
1184 1563
1184 1584
1184 1659
1184 1689
1184 1700
1184 1877
1184 1888
2655 1917
2655 1963
2655 2073
2655 2216
2655 2237
2655 2271
2655 2290
2655 2356
2655 2408
2655 2469
2655 2601
2655 2624
3396 2718
3396 2823
3396 3079
3396 3225
2571 1994
2571 2101
2571 2472
2571 2598
2562 2313
2562 2397
2562 2656
3838 3485
3838 3528
3838 3557
3838 3852
3838 3938
2100 2217
2100 2313
1651 1768
452 388
2812 2791
2812 3393
633 618
1994 1577
1994 2196
1994 2598
218 78
1212 1425
1212 1443
1212 1694
1700 1520
612 617
612 664
3796 3633
1655 1392
1655 1576
1655 1587
1655 1716
2656 2211
2656 2313
3858 3528
3858 3557
3858 3670
3858 3938
3878 3690
1029 1175
1029 1460
1029 1483
1029 1577
1029 1768
1029 1843
199 48
199 72
199 134
199 231
1258 1236
1258 1584
1258 1781
1258 1815
1765 1075
1765 1123
1765 1175
1765 1460
1765 1520
1765 1528
1765 1584
1765 1761
1765 1768
1765 1791
3779 3659
3779 3938
1781 935
1781 1529
1016 1499
3438 3633
3438 3938
329 72
329 231
329 308
1877 906
1877 1075
1877 1520
1877 1539
1877 1584
1877 1659
1877 1689
1877 1888
2227 2313
2858 2841
3633 3440
3633 3938
3016 2841
1791 1075
1791 1520
1791 1528
1791 1539
1791 1584
1791 1761
1791 1768
1791 1888
1075 906
1075 1123
1075 1175
1075 1344
1075 1460
1075 1520
1075 1528
1075 1539
1075 1659
1075 1768
1075 1888
1694 930
3507 3506
3507 3690
1175 906
1175 1123
1175 1456
1175 1460
1175 1528
1175 1768
1175 1888
1425 915
1425 930
1425 1801
1565 915
1565 930
1565 1801
1681 1121
2216 1917
2216 2058
2216 2073
2216 2271
2216 2290
2216 2356
2216 2408
2216 2624
3272 2976
3389 2841
2271 1917
2271 2073
2271 2092
2271 2164
2271 2290
2271 2356
2271 2408
2271 2469
2271 2573
2271 2601
2271 2624
2598 1577
2598 2038
2598 2053
2598 2101
2598 2196
2598 2198
2598 2235
2598 2254
2598 2280
2598 2472
2598 2519
2038 1577
2038 1923
2038 2031
2038 2053
2038 2198
2038 2211
2038 2254
2196 1577
2196 2053
2196 2472
1801 915
1801 930
1801 1122
2217 2313
3892 3874
3440 3938
679 618
1122 930
1888 906
1888 1091
1888 1123
1888 1211
1888 1344
1888 1456
1888 1483
1888 1520
1888 1584
1888 1659
1888 1689
1888 1761
1888 1768
2472 1577
2472 2000
2472 2053
1587 896
1587 1576
3312 2715
3312 3393
2101 1577
2101 2053
2101 2235
2101 2280
2101 2652
1223 1183
2469 1917
2469 2073
2469 2290
2469 2356
2469 2601
2469 2624
2031 1923
2031 2211
2031 2254
1923 2211
1923 2254
1923 2452
1923 2493
2254 2053
2254 2198
2254 2211
2254 2235
908 1337
908 1825
1563 1211
1563 1520
1563 1528
1563 1584
1563 1689
1563 1768
567 388
567 391
323 285
323 308
2715 3393
1963 1917
1963 2073
1963 2237
1963 2290
1963 2573
1963 2601
3426 2683
3426 2854
3426 3033
3426 3054
1090 1236
1520 906
1520 1211
1520 1411
1520 1584
1520 1659
1520 1689
1520 1761
1520 1768
664 617
3907 3442
3907 3608
2313 2211
2313 2380
3528 3485
3528 3557
3528 3938
3557 3670
3557 3938
1454 896
1454 1282
1768 906
1768 1211
1768 1456
1768 1460
1768 1483
1768 1528
1768 1539
1768 1584
1768 1761
3608 3442
3659 3888
2573 1917
2573 2058
2573 2073
2573 2290
2573 2356
2573 2601
2573 2624
1118 1533
2683 2854
2683 3220
2683 3433
1411 1450
3296 2718
596 618
596 620
596 1576
902 896
902 1576
930 915
3826 3506
3826 3793
2202 2000
2529 1577
2601 1917
2601 2058
2601 2073
2601 2164
2601 2237
2601 2290
2601 2356
2601 2408
2601 2624
2397 2577
3690 3506
3690 3781
2053 1577
2053 2235
2053 2280
2053 2652
1236 1529
1236 1785
1236 1815
1974 2453
1576 896
1576 1716
2073 1917
2073 2058
2073 2237
2073 2290
2073 2356
2073 2408
2073 2624
1595 896
1595 1282
1595 1584
2198 1577
1460 1123
2652 2235
2652 2280
2718 3043
380 554
1211 1123
1211 1584
1211 1689
1211 1761
1211 1843
3793 3459
3793 3786
818 736
2408 1917
2408 2237
2408 2290
2408 2356
2408 2624
3442 3876
914 915
1456 1091
1456 1123
1456 1483
1456 1539
1456 1584
1456 1761
3079 2823
3054 2880
3054 3033
3054 3433
1539 1584
1539 1689
3580 3905
3602 3510
3459 3812
2624 1917
2624 2058
2624 2164
2624 2237
2624 2290
2624 2356
3433 3220
1843 1123
1843 1584
1843 1761
696 780
696 824
696 830
1483 1584
1659 906
1659 1344
1659 1689
736 850
2092 2058
2939 3102
1689 906
1689 1344
1689 1365
1365 1584
2356 1917
2356 2237
2356 2290
1093 1529
906 1344
906 1528
1584 1761
3786 3506
824 737
824 780
824 830
620 617
1123 1911
1384 1337
2976 1450
780 830
1577 2519
1282 896
2235 2280
1529 1183
1529 1761
1529 1785
830 737
2784 3409
2058 2237
2058 2290
3670 3938
2164 2290
1917 2237
1917 2290
617 605
896 1392
896 1716
1337 1911
3220 2880
2290 2237
1500 1785
1392 1716
