396 355
396 474
396 568
1987 1920
1987 2134
1987 2138
1987 2169
1987 2191
1987 2289
3716 3647
355 463
355 474
310 32
310 93
310 167
3512 3517
3512 3830
3600 3825
1723 1199
1723 1243
1723 1329
1723 1639
1723 1643
3838 3488
3838 3578
3838 3930
3838 3966
3378 1684
3378 2936
3378 2992
3378 3039
3378 3332
2300 1941
2300 2220
2300 2233
2300 2253
2300 2288
2300 2387
2300 2414
2300 2485
2300 2602
2300 2619
3332 1684
3332 2936
3332 2970
3332 3106
3332 3287
3332 3353
1634 985
1634 1141
1634 1310
1634 1500
1516 947
1516 1132
1516 1198
1516 1199
1516 1242
1516 1329
1516 1399
1516 1471
1516 1491
1516 1522
1516 1547
1516 1619
1516 1643
1516 1757
1516 1835
1516 1867
3086 1684
3086 2892
3086 3077
3086 3263
3086 3410
1060 896
1060 1019
1060 1021
1060 1515
1060 1576
1457 1199
1457 1399
1457 1471
1457 1491
1457 1547
1457 1619
1457 1757
3592 862
133 40
133 236
3236 1684
3236 3369
3488 3830
3488 3930
3488 3966
2233 1941
2233 1997
2233 2005
2233 2115
2233 2191
2233 2200
2233 2220
2233 2244
2233 2253
2233 2381
2233 2407
2233 2430
2233 2485
2233 2489
2233 2539
2233 2552
2233 2602
2233 2607
2233 2619
2233 2624
3287 1684
3287 2812
3287 3015
3287 3039
3287 3225
3287 3263
3287 3274
3287 3353
3287 3422
3544 3674
3780 3966
3517 862
3517 3830
3274 1684
3274 3039
3274 3225
3274 3242
3274 3353
3274 3422
3338 1684
3338 3425
947 1132
947 1156
947 1199
947 1242
947 1243
947 1250
947 1329
947 1365
947 1399
947 1471
947 1491
947 1522
947 1639
947 1757
947 1835
947 1867
1007 896
1007 1021
1007 1170
1007 1303
3526 3722
858 698
1438 896
1438 902
1438 1345
1438 1379
1438 1587
2422 2217
2422 2558
3242 1684
2497 1933
2497 1936
2497 2049
2497 2173
2497 2314
2497 2503
2430 1941
2430 1997
2430 2005
2430 2200
2430 2220
2430 2244
2430 2253
2430 2381
2430 2414
2430 2485
2430 2489
2430 2552
2430 2602
2430 2607
2430 2624
552 464
2253 1941
2253 1997
2253 2005
2253 2200
2253 2220
2253 2244
2253 2407
2253 2414
2253 2485
2253 2489
2253 2539
2253 2552
2253 2602
2253 2607
2253 2619
2253 2624
458 439
2508 1920
2508 1941
2508 1945
2508 2117
2508 2134
2508 2138
2508 2283
2508 2289
2508 2458
2508 2473
2508 2555
2508 2571
2244 1941
2244 1997
2244 2005
2244 2115
2244 2200
2244 2220
2244 2381
2244 2407
2244 2414
2244 2485
2244 2489
2244 2539
2244 2552
2244 2602
2244 2607
2244 2619
2244 2624
2414 1997
2414 2005
2414 2115
2414 2200
2414 2220
2414 2381
2414 2407
2414 2485
2414 2489
2414 2539
2414 2552
2414 2602
2414 2607
2414 2624
2555 1920
2555 1941
2555 1945
2555 1994
2555 2117
2555 2134
2555 2137
2555 2138
2555 2191
2555 2283
2555 2289
2555 2304
2555 2377
2555 2458
1116 1329
1116 1522
1116 1835
353 446
353 484
353 517
353 542
353 567
353 1122
353 1487
353 1512
353 1677
353 1740
353 1882
1866 1588
896 902
896 1019
896 1021
896 1108
896 1170
896 1190
896 1261
896 1284
896 1303
896 1324
896 1345
896 1379
896 1515
896 1576
896 1587
896 1680
896 1764
896 1871
1764 1284
1764 1303
1764 1345
1764 1680
436 423
436 478
436 484
436 517
436 542
2501 2110
2501 2283
2501 2304
2501 2396
2501 2415
2501 2432
2501 2458
1310 924
1310 1141
1303 1021
1303 1170
1303 1871
915 1446
915 1487
1019 902
1019 1021
1019 1345
1019 1587
1019 1680
1779 1055
1779 1513
1779 1639
346 80
346 249
346 254
346 320
3534 3459
3534 3593
3534 3761
3534 3825
3703 3830
1572 1054
1572 1112
1572 1242
1572 1250
1572 1375
1572 1491
1572 1757
670 640
1379 902
1379 1190
1379 1345
1379 1576
1196 1774
1196 1852
295 109
295 156
3422 1684
3422 3039
3422 3225
3422 3353
3151 1684
3175 1684
3175 3013
3424 1684
3641 3655
3641 3920
1588 1144
933 1261
933 1704
933 1871
2725 1684
2725 2903
2220 2005
2220 2115
2220 2200
2220 2381
2220 2407
2220 2485
2220 2489
2220 2539
2220 2602
2220 2607
2220 2619
2220 2624
2283 1920
2283 1941
2283 1945
2283 1994
2283 2117
2283 2134
2283 2137
2283 2138
2283 2169
2283 2191
2283 2289
2283 2304
2283 2355
2283 2396
2283 2458
2283 2519
1867 1112
1867 1198
1867 1199
1867 1242
1867 1243
1867 1250
1867 1375
1867 1399
1867 1491
1867 1620
1867 1643
1867 1646
1867 1796
1867 1835
1284 1190
1284 1345
1284 1576
1284 1587
1284 1680
3066 1684
3209 1684
3209 2687
3209 2780
3209 2785
3209 3013
2859 1684
2859 2720
2859 3263
2458 1920
2458 1941
2458 1945
2458 2117
2458 2138
2458 2396
781 752
781 787
781 810
781 814
781 853
1994 1920
1994 1941
1994 1945
1994 2117
1994 2138
1994 2191
1994 2571
517 423
517 439
517 446
517 463
517 484
517 1025
517 1446
517 1487
517 1512
517 1677
517 1870
1333 901
1333 958
1333 1097
1333 1186
1333 1216
1333 1232
1333 1378
1333 1452
1333 1493
1333 1568
2722 1684
2722 3265
3311 1684
3311 2670
2503 1936
2503 2049
2503 2173
2503 2314
285 60
285 109
285 117
285 221
285 342
2355 1941
2355 2304
2355 2389
445 439
445 463
445 542
2005 1941
2005 1997
2005 2200
2005 2381
2005 2407
2005 2489
2005 2539
2005 2602
2005 2624
1329 1182
1329 1199
1329 1243
1329 1265
1329 1407
1329 1471
1329 1513
1329 1522
1329 1620
1329 1639
1329 1643
1329 1757
1329 1774
1329 1835
1796 1112
1796 1199
1796 1242
1796 1250
1796 1375
1796 1619
1796 1643
1363 901
1363 1097
1363 1186
1363 1216
1363 1378
1363 1493
3226 1684
3226 2827
3226 2835
3226 2890
3226 2911
3226 3004
3226 3149
3226 3348
3226 3399
3736 3830
1375 1054
1375 1112
1375 1156
1375 1198
1375 1242
1375 1250
1375 1620
3643 3903
3643 3909
2415 2110
2415 2377
2415 2396
2415 2432
1936 2049
1936 2173
1936 2314
2200 1997
2200 2115
2200 2381
2200 2407
2200 2485
2200 2489
2200 2552
2200 2602
2200 2607
2200 2619
2200 2624
2911 1684
2911 2827
2911 3004
2911 3149
2911 3348
2911 3399
814 787
814 810
814 853
1620 484
1620 995
1620 997
1620 1112
1620 1199
1620 1242
1620 1243
1620 1250
1620 1407
1620 1487
1620 1522
1620 1547
1620 1553
1620 1643
1620 1646
1620 1835
1025 1324
1025 1487
2110 2377
2110 2396
2110 2432
23 144
1055 1513
1020 1108
1020 1261
1020 1324
1020 1382
1020 1871
3243 1684
3243 2835
3243 2890
3243 2928
3243 2977
891 698
2799 1684
167 32
167 93
1318 1122
1318 1446
1318 1740
1318 1870
1318 1882
1218 1177
1098 1328
1098 1553
333 162
2607 1941
2607 1997
2607 2115
2607 2381
2607 2407
2607 2485
2607 2489
2607 2539
2607 2552
2607 2602
2607 2619
2607 2624
260 160
1043 1111
1568 901
1568 1097
1568 1216
1568 1232
1568 1378
1568 1452
1568 1493
3909 3726
2185 2289
787 748
567 423
567 439
567 484
567 542
567 610
567 3723
2539 1941
2539 2115
2539 2381
2539 2407
2539 2485
2539 2489
2539 2602
2539 2619
2539 2624
1882 484
1882 1122
1882 1446
1882 1740
1882 1870
2977 1684
2977 2729
2977 2756
2977 2890
2977 2928
2977 3029
163 249
2723 1684
2723 3383
1026 1156
1026 1182
1026 1250
1026 1522
1026 1757
1026 1835
2178 2321
1365 1199
1365 1491
1365 1643
2950 1684
2950 2780
2138 1920
2138 1941
2138 1945
2138 2117
2138 2134
2138 2169
2138 2191
2138 2289
2138 2377
2138 2387
2396 2304
2396 2377
2396 2432
2396 2473
478 349
1639 1182
1639 1243
1639 1513
1639 1522
1639 1535
1639 1643
1639 1774
1639 1835
1008 1337
3039 1684
3039 3225
1021 1345
1021 1587
735 819
1186 901
1186 958
1186 1097
1186 1216
1186 1232
2314 2049
2314 2173
1491 1198
1491 1199
1491 1242
1491 1250
1491 1399
1491 1471
1491 1522
1491 1547
3825 3459
1493 901
1493 958
1493 1097
1493 1216
1493 1378
1493 1452
1324 1261
1324 1382
1324 1515
1324 1871
1265 995
1265 1182
1265 1513
1265 1811
901 958
901 1097
901 1216
901 1232
901 1378
901 1452
1835 997
1835 1180
1835 1182
1835 1199
1835 1242
1835 1243
1835 1262
1835 1399
1835 1471
1835 1513
1835 1522
1835 1535
1835 1643
1835 1757
1835 1774
1835 1811
2304 1945
2304 2169
2304 2377
2304 2389
2304 2432
1250 1054
1250 1112
1250 1198
1250 1199
1250 1242
1250 1399
1250 1402
1250 1522
1250 1547
1250 1619
1250 1757
1785 1141
1785 1248
1785 1500
2473 1945
2473 2289
463 542
1852 1513
1198 1132
1198 1199
1198 1242
1198 1399
1198 1471
1198 1643
1198 1757
1677 484
1677 1122
1677 1487
1677 1740
1677 1870
2619 1941
2619 1997
2619 2115
2619 2381
2619 2387
2619 2552
2619 2602
2619 2624
1553 995
1553 1522
342 223
2519 2169
2519 2377
2544 2117
1122 484
1122 1400
1122 1740
1097 958
1097 1216
1097 1232
1097 1378
1097 1452
3580 3490
2381 1941
2381 1997
2381 2407
2381 2485
2381 2489
2381 2552
2381 2602
2381 2624
3574 3830
1328 1144
3353 1684
3353 2720
3353 2751
1170 924
1170 1412
1170 1500
1170 1871
1997 2485
1997 2552
1997 2602
1997 2624
949 1415
949 1770
3124 1684
3124 2751
2780 1684
2780 2687
2780 2785
2780 3013
2780 3048
2780 3265
93 32
1487 484
1487 1001
1487 1400
1487 1646
2994 1684
2994 2729
2994 2756
2994 2827
2994 2835
2994 2887
2994 2890
2994 3029
2994 3149
2994 3348
1182 1243
1182 1399
1182 1522
1182 1643
1182 1757
1112 1242
1112 1757
922 1199
922 1399
2822 1684
2822 3263
2515 2650
3344 1684
3344 2720
3344 2853
3344 2936
3344 2970
3344 2992
3344 3007
3344 3106
2887 1684
2887 2729
2887 2756
2887 3004
2887 3029
2887 3158
2887 3399
3766 3478
1513 1522
1513 1535
40 132
221 45
3015 1684
3015 2936
542 439
3263 1684
3263 2720
3263 3077
1402 997
1402 1199
1402 1399
1402 1619
1402 1757
3674 3830
3147 1684
2191 1920
2191 1941
2191 1945
2191 2117
2191 2134
2191 2289
2687 1684
2687 2785
2687 3013
2489 1941
2489 2407
2489 2602
2489 2624
1999 2012
1566 1407
1566 1680
997 995
997 1132
997 1180
997 1199
997 1243
997 1471
997 1535
997 1811
3383 1684
3383 2954
2377 1945
2377 2117
2377 2169
2377 2289
3399 1684
3399 2835
3399 2928
3399 3004
2928 1684
2928 2729
2928 2756
2928 2800
2928 2890
2928 3029
1643 1243
1643 1471
1643 1522
1643 1757
1643 1774
2992 1684
2992 2853
2992 2936
2992 3106
3445 3868
2651 2453
2651 2505
68 296
1132 1156
1132 1199
1132 1399
1132 1471
1132 1522
1132 1547
1132 1619
1132 1757
2860 1684
1337 1865
3158 1684
3158 2729
3158 2890
3158 2981
3158 3137
3158 3348
2835 1684
2835 3348
2173 2049
3348 1684
3348 2800
3348 2827
3348 2890
3348 3137
3348 3149
1535 995
1535 1199
1535 1399
1535 1811
249 80
249 254
2953 1684
2953 2890
1156 1199
1156 1399
1156 1619
3930 3830
3930 3941
229 109
2602 1941
2602 2115
2602 2387
2602 2407
2602 2485
2602 2552
2602 2624
2981 1684
2981 2729
2981 2756
2981 3137
3286 1684
1243 995
1243 1399
1243 1522
1243 1811
3369 1684
3369 3043
3369 3255
1547 1199
1547 1399
1547 1471
1547 1522
1547 1619
1547 1757
2453 2505
2720 1684
2720 2936
2720 3106
3868 3473
1619 1199
1619 1399
1619 1471
1619 1757
1108 1261
1108 1382
1108 1515
1108 1871
320 80
49 192
3048 1684
3043 1684
3043 2751
2558 2217
2558 2263
2853 1684
2853 3106
2853 3265
2380 2448
3872 862
2800 1684
2800 2827
2800 2890
2800 3004
2454 2387
162 312
2695 1684
2695 3303
1515 1190
1515 1261
1515 1345
1515 1704
1515 1871
2624 2115
2624 2485
2624 2552
484 423
484 1001
484 1512
484 1740
2480 2117
752 810
752 853
902 1190
902 1345
902 1576
902 1680
1757 1199
1757 1399
1757 1471
1261 1345
1261 1382
1261 1871
3490 3549
2990 1684
2990 3007
2115 2485
2115 2552
1522 1199
1522 1399
1382 1871
2954 1684
2954 2739
2827 1684
2827 2890
2827 3149
296 102
3004 1684
3004 2890
3137 1684
3137 2729
3137 2890
3137 3149
3137 3430
853 810
3013 1684
3013 2785
3478 3655
3478 3920
3430 1684
1378 1216
1378 1232
1378 1452
3255 1684
2892 1684
2892 3077
2448 2049
2448 2217
2448 2289
2169 1941
2169 1945
2169 2117
2169 2134
2169 2289
2751 1684
3029 1684
3029 2756
3029 2890
3275 1684
3275 2820
819 698
2903 1684
698 810
698 862
698 878
1011 1169
1011 1770
1141 924
1199 1242
1199 1399
1199 1407
1199 1471
1471 1180
1471 1242
1471 1399
2788 1684
2936 1684
2936 3106
45 132
1400 1512
2756 1684
3830 3578
3830 3966
3077 1684
3077 3410
1871 1680
1871 1704
1770 1415
1920 1941
1920 1945
1920 2117
1920 2134
1920 2137
1054 1242
144 312
1242 1399
1242 1407
2049 2523
1576 1345
1576 1587
1576 1680
2670 1684
3003 1684
1412 924
1412 1500
958 1216
958 1232
958 1452
3149 1684
3149 2890
2812 1684
2134 2117
2134 2289
1500 924
3225 1684
3425 1684
1941 1945
1941 2117
1941 2137
1941 2571
1232 1216
1232 1452
2890 1684
2890 2729
2117 1945
2117 2137
3303 1684
3920 3655
1512 1001
1512 1740
1216 1452
1680 1345
1680 1587
3186 1684
1345 1190
1345 1587
1001 1180
1001 1740
2739 1684
2739 3410
3007 1684
3106 1684
3106 2802
3106 2970
1180 995
1684 2729
1684 2785
1684 2802
1684 2820
1684 2857
1684 2970
1684 3265
1684 3410
1684 3432
1945 2289
1945 2571
2970 3265
2289 2166
707 712
712 839
1587 1190
4019 4009
