1.4
1.4
1.4
1.4
1.4
1.4
1.4
1.4
1.4
-1.5440216302586762
1.4
-1.373660891779049
0.7991406905702885
1.4
1.4
1.4
1.4
-1.1498650902487872
1.4
1.4
-0.12097907607263103
1.4
1.4
-5.223018720753721
1.4
1.4
1.4
1.4
1.4
1.4
1.4
1.4
1.4
1.4
1.4
1.4
1.4
1.4
1.4
1.4
1.4
0.4241328186302029
1.4
1.4
1.4
1.4
1.4
1.4
1.4
1.4
1.4
1.4
1.4
1.4
1.4
1.4
-0.7921573483264064
1.4
1.4
1.4
0.24476603350646542
1.4
1.4
1.4
1.4
1.4
1.4
1.4
0.3255141551747238
1.4
1.4
1.4
1.4
1.4
-2.876583485169297
1.4
-0.0022427567848852803
1.4
1.4
1.4
1.4
1.4
1.4
1.4
1.4
1.4
1.4
1.4
1.4
-2.1977306640349754
1.4
-0.7260926004031152
1.4
1.4
1.4
1.4
1.4
1.4
1.4
1.4
1.4
1.4
1.4
1.0266451398904248
0.9924568962959333
1.4
-1.5167096188811016
1.066161696419595
1.4
1.4
1.4
