2.3783638227293276
5.482767653017399
4.472453305837368
3.516934615688816
4.508620917819339
1.8443395834257945
4.317388779603915
3.776941645908917
4.08239988391102
4.9436106222844085
1.8800172037133356
1.8878867580570495
2.8042461440054764
3.3442745918130248
1.84416975687851
3.468524910193047
3.9859396904981503
4.39729250038371
3.1651047885225947
2.640533016877034
5.217594532120177
3.4808646451928187
5.2092169260526315
3.879074167294043
4.390788283128755
2.4136587430998353
4.669393368305293
4.7545931600392395
2.2328345193095385
2.247816280791537
3.717896892150859
2.06885137548421
5.285673577854455
4.262423288071736
1.6528150341399135
4.325122702416938
5.200392209563039
5.099218777078393
5.270044491036117
4.195733951245298
3.15456897132579
4.230464799729964
2.213651083725697
4.363291031492839
3.431816814588737
1.916295156953232
4.5560644640236045
3.7772779906059255
2.139350427393031
4.6486666248181265
3.527308331496285
4.040542617078957
4.2936138379335755
3.9611107452781744
5.167774165682431
5.0150975233637345
2.129377124178986
2.841190325856722
4.593943524790346
4.915611083830383
1.922892427489883
3.978307705888436
4.394330755901387
2.2403191160981644
2.4923912834346114
3.392541306574585
4.441399904353124
4.295100801233989
5.0981505994321825
1.7261819124897442
5.086752769405532
3.869889367169933
4.688742871945974
4.436024136745324
2.262699891488319
