2.1854339556492155
4.390682560764955
1.7809362714624495
3.8954641471566678
5.240064058796159
3.736791873042896
4.322356530249026
1.706787178648821
4.139999639645833
4.025353671016876
3.903811792126163
3.1648376372913076
3.08055976134075
5.522066602589074
1.7455681504459433
1.6865460394200964
5.444125120958445
2.3398877655897534
2.095580657697727
2.442306039546586
4.802986361416724
5.3478766345783235
1.6911303026746336
3.3024753278672687
2.006000877496679
2.639679559171328
2.4833170852652695
4.18770287934129
3.0011758695861293
2.3212716061187515
3.614546020839549
1.7575148283387696
2.0036849647558665
5.552940594890004
2.397423161868252
3.0342212052464075
4.526393224901442
4.953306260773665
5.273928247981326
2.277698424389871
4.29056225429221
5.466195612172733
1.8322037753059948
4.304807137197513
4.981698374806466
2.969250164314336
2.6027493571404468
3.987165573877644
3.369256134796316
2.2992779378057646
