2.6016119253894483
3.5922140482503266
2.2146029698766223
4.561492120236185
2.090744019164095
5.598171358576703
2.582522865667067
3.6926592227253123
4.4162023164722335
3.1857304897505982
4.009265620952382
2.1943499413366228
3.567798960135796
3.2715934350403795
2.973666740767243
4.570231838475893
5.441403837461606
2.270036921650056
2.218305580176106
3.039375177241955
3.2662208014662895
4.432977590029367
5.107493968804445
1.9013361981662182
3.576088377864345
3.0640442700666455
3.2057202796668327
4.962550690244521
2.65468297464106
2.5656536318186496
2.4897312071559945
3.675799458101413
5.077672377533702
2.283778097424566
2.1316641597848385
3.769162018944385
4.720719786596641
5.506758170657379
3.8910010006031768
3.108200967140366
2.7257886543550334
5.086624986279891
2.16461869032367
4.5841233210892955
2.210711831169277
3.4080461016245915
4.142669401878772
2.958142869927133
5.124233931806103
3.6140679340447477
4.65889663508567
3.6811274326526022
3.0863166251435503
5.226508449631504
2.103149532780357
1.7220940628951666
3.1579982850440724
4.8706809758482486
5.019524050659345
4.822425734257958
3.233211857113367
4.291207836253605
4.714731656539745
5.095487025588363
5.445430280101994
5.486056362655832
4.392203972633104
4.882328511637134
2.2135612456018117
5.001386483820456
2.8308603554336678
3.4390546444816583
1.6602122656664777
3.4984403001751776
3.470365182049541
2.20909776682597
5.248830535426552
5.342891180892671
4.678039778007102
1.843017500923823
2.032732533241997
5.596299766742417
2.7611256296389413
2.1848059083641487
4.921237685264159
1.9046911449315989
3.988426074600184
4.4278139944967805
2.984135954070404
3.864295872461967
2.572788167070691
4.289108424083702
3.057094328798326
5.269981546682899
1.8915885111532456
4.998042781489398
3.4988507691802777
3.8275618202114843
1.765306553222886
3.2801953214070982
