4.683074673823835
1.236071076847776
7.068790592939093
4.1351284361721365
3.1562141508842494
3.26189021856088
3.1881218714891704
1.9933430003576802
0.4
0.4
0.4
0.4
0.4
0.8527874275109556
1.8533214000181608
4.373143512388166
0.4
0.4
0.4
3.156301831946542
0.4
1.8641968405460554
0.4
0.4
0.4
4.366083334649474
5.582936914895574
5.127016874685748
0.4
3.835353197333025
4.764128535763962
1.923367304284718
0.53120122000118
0.4
3.6196922168975916
5.3002950031880065
8.066303884095909
4.2638034035772705
3.3272457473783277
0.4
3.922144129221365
0.4
6.604664096798279
0.4
3.4432974615255514
2.52461971446598
4.437383599198169
8.576251880195054
2.8799352683857444
2.7973388014354748
2.598899940445012
0.4
0.4
0.4
7.857907911533475
0.43441278623737456
0.4
2.438806583597863
7.194041178984348
3.8590675811433712
0.4
0.4
2.383178415244541
0.4
4.64527301618679
3.0793494028167183
0.4
2.1550657523431855
0.4
2.7050451069361485
0.4
0.4
1.0485331123689052
10.249743660799762
0.4
3.2050661818627892
0.4
0.4
3.5710386597624435
8.140475654296079
2.1644872067099494
0.4
4.180714289134629
5.779097855080739
8.283866611856336
7.659842520808013
1.270154225593157
1.0373844423043463
0.4
0.4
7.910585592858867
0.4
0.4
0.4
0.4
0.4
0.4
0.4
7.363641583635589
4.725048408947325
0.4
1.0082154715329876
1.9502943649644517
0.4
0.4
0.4
0.4
0.4
2.8933228020226665
0.4
0.4
