0.2110531624476728
1.4
1.4
-0.7367641370436857
1.4
1.4
1.4
1.4
0.32857781784050033
1.4
1.4
1.4
1.4
1.4
-1.0871200836920591
1.4
1.4
0.013317004895330165
1.4
1.4
1.4
1.4
1.4
1.4
1.4
1.4
-0.5077329102651964
1.4
1.4
1.4
1.4
1.4
1.4
1.4
1.4
1.4
-2.369767434677268
1.4
1.4
-0.2584665142226896
1.4
1.4
0.9331134173215929
1.4
1.4
1.4
1.4
1.4
1.4
1.4
1.4
1.4
1.4
1.4
0.4524504949731405
1.4
-2.642495332932336
1.4
1.4
1.4
1.4
1.4
1.4
1.4
0.5219235140982681
0.7075394818690208
1.4
1.4
1.4
-2.8966553876105845
1.4
1.2586167553690792
1.4
1.1031465657391388
1.4
1.4
1.4
1.3501560603069693
1.4
1.193521643713364
1.4
1.4
1.4
1.4
-2.971432294166773
1.4
1.4
1.4
1.4
1.4
1.4
1.4
1.4
1.125859473229708
1.4
1.4
1.4
1.4
0.980760176711371
1.4
1.4
1.2342028267002023
1.4
1.4
1.4
-0.8394960714418014
1.4
1.4
1.4
1.4
1.4
0.6266046881359104
1.4
1.4
1.4
1.4
1.4
1.4
1.4
1.4
1.4
1.4
1.4
1.4
1.4
1.4
1.4
1.4
1.4
1.4
1.4
1.4
1.4
1.4
1.4
1.4
1.4
1.4
1.4
1.4
1.4
1.4
1.4
1.4
1.4
1.4
1.4
1.4
1.4
1.4
1.4
-0.18828922218078947
1.4
1.4
1.4
1.4
1.4
1.4
1.4
1.4
1.4
1.4
1.4
1.4
-0.6420507115278804
1.4
1.4
1.4
1.4
1.4
1.4
1.4
1.4
1.4
1.4
1.4
1.4
1.4
1.4
1.4
-4.036286390360342
1.4
1.4
1.4
-0.10324321843705242
1.4
1.4
1.4
0.10223988016229413
1.4
1.4
1.4
-3.408941079311232
1.4
1.4
1.4
1.4
1.4
1.4
1.4
1.4
0.3280023198732325
1.4
1.4
1.4
0.006257698228217201
1.4
1.4
1.4
1.2522963807738892
1.4
-0.482103013828711
1.4
1.4
1.4
1.4
1.4
1.4
1.4
1.4
0.390382631968472
1.4
1.4
1.4
1.4
1.4
1.4
-3.1486525120538555
1.4
1.4
1.4
1.4
1.4
1.4
1.4
1.4
1.4
1.4
1.4
1.4
0.5774966225502975
1.4
1.4
1.4
1.4
1.4
1.4
-1.3341977742585494
1.4
1.4
1.4
1.4
1.4
1.4
1.4
1.4
1.4
1.4
1.4
1.4
-0.495851932406123
1.4
1.4
1.4
1.4
1.4
1.4
1.4
1.4
1.4
-2.6455615001012944
1.4
1.4
1.4
1.4
1.4
1.4
-0.46350474515976625
1.4
1.4
1.4
1.4
1.4
1.4
1.4
-0.5269990642996216
1.4
1.4
1.4
1.4
1.4
1.4
1.4
1.4
1.4
1.4
-0.3420998484143789
1.4
1.4
1.4
1.4
1.4
1.4
1.4
1.4
1.4
1.4
1.4
1.4
1.4
1.4
1.4
1.4
1.4
1.4
1.4
1.4
1.4
1.3732849459301013
1.4
1.4
0.9986542338375672
1.4
1.4
1.4
1.4
1.4
1.4
1.4
1.4
1.4
1.4
1.4
1.4
1.4
1.4
1.4
1.4
1.4
1.4
1.4
1.4
1.4
-0.28278328775432193
1.4
1.4
1.4
1.4
1.4
1.4
1.4
0.8198737910584377
1.4
1.4
1.4
1.4
1.4
1.4
1.4
1.4
1.4
1.4
1.4
-0.16938472548019412
1.4
1.4
1.4
1.4
1.4
1.4
1.4
1.4
-0.6312489957486243
1.4
1.4
1.4
1.4
1.4
1.4
1.4
1.4
1.4
-2.0951364961067718
1.4
1.4
1.4
-0.4126750885261625
1.4
1.4
1.4
1.4
1.4
1.4
1.4
1.4
1.4
0.9171422020559303
1.4
1.4
1.4
1.4
1.4
0.5110158836063441
1.4
1.4
1.4
1.4
1.4
1.4
1.4
1.4
1.4
1.4
1.4
1.4
0.04970710133354217
-2.282457293624784
1.4
1.4
1.4
1.4
1.4
1.4
1.4
1.4
-0.031037112480167828
1.4
1.4
1.4
1.4
1.4
1.4
1.4
1.4
1.4
1.4
1.4
1.4
1.4
1.4
1.4
1.4
1.4
1.4
1.4
1.4
1.4
-1.1725086046574376
0.00876206908392163
1.4
1.4
1.4
1.4
-0.5817253401280427
1.4
1.4
-0.3261115229929006
-0.6309014952982137
1.4
1.4
1.4
1.4
1.4
1.4
1.4
1.4
1.4
1.4
1.4
1.4
1.4
1.4
1.4
1.4
1.4
-1.5122094561047712
1.4
1.4
1.4
1.4
1.4
-4.505427469202697
1.4
1.4
1.4
-0.19059238423576463
1.4
1.4
1.4
1.4
-0.6950407417096054
1.4
1.4
1.4
1.4
1.4
1.4
1.4
1.4
1.4
