5.107081483291099
5.293524063785123
4.96984089256073
5.192692485431516
5.292329759280707
3.7623996997922178
3.1651842009384996
4.421133599417625
2.7025364852485088
4.846514834031514
4.997943860745469
5.1801558697067005
3.9592047341246395
5.399059492928482
3.9187800429824238
3.402252426524621
4.240981514489556
5.585031357414291
5.267764871789824
4.773300336520897
1.9294919527865897
4.051132420162849
3.5457768078766674
4.120589361645891
4.9803103026860605
2.572142488247425
4.525956883163391
2.068537172834072
2.481842147471314
4.778331886842304
2.930144596878622
4.863652386134638
2.002430080864385
2.1854339556492155
4.390682560764955
1.7809362714624495
3.8954641471566678
5.240064058796159
3.736791873042896
4.322356530249026
1.706787178648821
4.139999639645833
4.025353671016876
3.903811792126163
3.1648376372913076
3.08055976134075
5.522066602589074
1.7455681504459433
1.6865460394200964
5.444125120958445
2.3398877655897534
2.095580657697727
2.442306039546586
4.802986361416724
5.3478766345783235
1.6911303026746336
3.3024753278672687
2.006000877496679
2.639679559171328
2.4833170852652695
4.18770287934129
3.0011758695861293
2.3212716061187515
3.614546020839549
1.7575148283387696
2.0036849647558665
5.552940594890004
2.397423161868252
3.0342212052464075
4.526393224901442
4.953306260773665
5.273928247981326
2.277698424389871
4.29056225429221
5.466195612172733
1.8322037753059948
4.304807137197513
4.981698374806466
2.969250164314336
2.6027493571404468
3.987165573877644
3.369256134796316
2.2992779378057646
3.486501660385152
3.2396215826302184
3.876450958097121
3.6344005202505327
2.8457840040008273
3.0286067303610515
4.950644697475916
2.6037306592885483
3.842400875414096
1.6497452753172577
4.566297509642654
2.9436662178938424
1.7827859742736667
2.723532656873393
2.560521631305416
5.412517359311195
3.00890224606203
