3.8406225458553838
2.1055216523633757
2.2659092434602135
1.8181283108569333
5.122499504594313
1.7661951402250535
3.5019639661084057
4.491511080824397
1.86670485031064
4.260266608399165
4.910251348158583
2.854980837663396
2.160786209425207
4.76660881037793
5.572383879521304
4.388056152274473
5.0011501689124955
4.623013647025912
3.201666721653227
2.2965331167593885
4.397735418655724
3.8094665947204107
3.624432263251025
3.149685992475659
2.1856736751114063
3.1598906095122232
3.3277645612826716
1.7853302550926315
1.8119015710837862
1.7353738738515756
4.062366327797857
2.672356967442807
2.772164200511836
2.788823169932144
3.8052242558491978
5.500407881599145
4.400149886109421
3.0455734697833656
2.7793514064915392
2.472745288040277
2.4852602627894584
2.6414767537816775
3.348082674469867
2.9869454270732776
3.2116661763667707
5.238184342744107
5.532606438754216
2.8217574808441803
4.459094507115392
4.243369982937179
