4.426245639467559
3.789763645313695
4.857867453165344
3.761134427881296
5.455354183895204
4.012742511845532
3.9504682567017455
3.379956105102065
3.9851474463324252
3.139604583890642
3.902604056659554
2.761318009611032
2.3575653142174247
2.3469181130222205
4.051092719474427
4.226637555958515
3.506123968037523
1.9592974447823748
4.630415687865748
5.107081483291099
5.293524063785123
4.96984089256073
5.192692485431516
5.292329759280707
3.7623996997922178
3.1651842009384996
4.421133599417625
2.7025364852485088
4.846514834031514
4.997943860745469
5.1801558697067005
3.9592047341246395
5.399059492928482
3.9187800429824238
3.402252426524621
4.240981514489556
5.585031357414291
5.267764871789824
4.773300336520897
1.9294919527865897
4.051132420162849
3.5457768078766674
4.120589361645891
4.9803103026860605
2.572142488247425
4.525956883163391
2.068537172834072
2.481842147471314
4.778331886842304
2.930144596878622
4.863652386134638
2.002430080864385
2.1854339556492155
4.390682560764955
1.7809362714624495
3.8954641471566678
5.240064058796159
3.736791873042896
4.322356530249026
1.706787178648821
4.139999639645833
4.025353671016876
3.903811792126163
3.1648376372913076
3.08055976134075
5.522066602589074
1.7455681504459433
1.6865460394200964
5.444125120958445
2.3398877655897534
2.095580657697727
2.442306039546586
4.802986361416724
5.3478766345783235
1.6911303026746336
