2.2469588759877515
3.619645483584128
4.5439828504904165
4.982663270059965
3.688235723682017
3.8609257630892095
4.350854584179494
5.069483713722174
2.0398636479388492
5.126834117893571
3.062273581364751
2.4401224435022564
2.395088707985629
5.38761296196091
4.582797235797841
3.1157769560626103
4.030987099668746
1.6024597475997355
2.0468304876514436
2.4868236376051445
2.67854927553861
4.85879568126251
2.828614110634034
2.7395477385243603
3.670016854527556
1.8206548757967678
3.125527291915456
3.841738522277767
3.314552923957425
2.9843146475985023
4.711132062919761
3.8641058485989794
1.8651205487551397
4.191411865680019
1.983100031735741
4.642956721809626
3.639508860497756
5.423364760276719
3.8418547084736816
2.156542982682746
2.761189740033738
4.370582224228194
5.102067871657374
1.7174972370417043
5.35788453147587
4.838344793699865
2.6518430157458543
2.256858086173716
2.0810491385030043
2.1932772461138588
1.795305468467197
3.401751321810539
4.746315914061029
2.7769555691346133
1.6591756989488986
4.794744359091851
2.7400415045215043
3.5236662853339955
2.7109067540556073
5.447086551385768
4.589995585559599
2.7840413718220045
2.07172400550833
3.279709149938835
2.170082268233415
3.8477019358924105
4.779561179369714
3.952693524574538
4.810981463464494
4.252753314836815
2.696620999923489
3.989153596170417
4.033921500874633
2.9954837351806893
5.29275689269482
2.7074053206693445
2.113376658360025
4.793644929816834
4.881522663959036
2.248899399642618
4.758594257307287
5.036437070757574
2.411576371665315
3.494543393155858
3.966092817760864
3.782024907716632
1.932786237390332
3.7944781387466686
3.971726541114963
2.6497551719972434
1.8663328630115799
4.204255379103818
3.9240672347889505
3.9410627510843907
3.342997424136213
2.8350453294365234
3.7079646509028663
4.166462156460716
4.784479119347904
5.109694535816027
