#.\compute_knapsack_exp.py 15
# GMT Tue Jun 11 01:17:49 2024
# 
1 150 338 483 533 553 625
516 150 324 338 483 616 727
520 63 297 324 341 523 625
523 41 63 150 191 249 256 333 341 394 573 625 672 727
14 64 195 338 533 561 589 684
533 63 150 256 338 394 501 505 560 561 589 597 625 695
545 487
33
41 63 127 143 256 288 333 341 394 444 573 625 633
553 63 70 95 223 256 414 487 497 556 625
556 150 209 414
560 82 597 625 760
561 64 195 338 366 589 625
564 143 209 256 414 497 573 597 627
565
573 63 150 209 249 256 333 340 625
63 64 143 227 256 288 294 324 333 338 341 366 408 430 444 483 501 625 633 640
64 195 338 366 589 625
581 95 768
70 145 209 256 340 414 488 497
75
589 142 150 195 294 458 483 487 625 695
82 414 458 501
597 145 488 627
601 95 145 340 453 497
91 338
93
95 145 247 340 497 640 684
97 430 625
610 338 483
101 227 366 430 501
103 366
616 150
617
111 625
625 150 195 265 294 324 338 341 430 444 453 626 633 695
626 338
627 191 256 414
633 338 341 430
127 244
640 145 209 297 324 497 768
133 308 760
142 458
143 145 191 209 256 288 308 483 684
655 244 256 341 414
145 209 256 297 340 483 488 497 684
150 188 195 209 308 324 327 430 444 458 483 727
672 394
684 247 497 700
695
700 483
188
191 256 483
705 209 297 453
193
195 338 483
208 338 501
209 244 256 266 298 333 340 414 497
722
727 324 338 483
223 265 768
227 327 341 430 501
244 256 265 308 394 414 453 487 497
247 265 338 497
760 324 444
249 256 333 487
256 265 266 288 308 333 366 408 414 453 497 501
768 265
265 453
266 298 414
288
294 338 341 430
297 340 483
298 414
308 453
310 453
317
323
324 338 366 430 444 483 497
327 483 501
333 414 501
338 341 430 483
340 414 453 483 497
341 430
362
366 408 483
394 458 505
408 497
414 497
430 444 501
444
453
455
458 501
483
487
488
497
501
505
