#D:/pycharm/PyCharm Community Edition 2022.2.3/plugins/python-ce/helpers/pycharm/_jb_unittest_runner.py
# GMT Thu May 23 02:50:15 2024
# 
256 41 63 143 209 265 266 288 366 408 414 453 497 523 533 573 655
516 150 338 483 616 727
265 223 453 625
394 41 523 533
523 41 63 150 573 625 727
266 209 414
142
143 41 63 209 288 483 684
655 414 747
14 338 533 561 684
533 63 150 338 561 597 625 747
150 209 430 444 483 573 616 625 727
408 63 366 497
414 209 497
288 41 63
545
41 63 444 573 625 633
684 95 497 700
430 63 97 101 338 444 625 633 747
561 338 366 625
565
310 453
700 483
317
573 63 209 625
444 63 625
63 338 366 483 625 633
323
453 625
75
209 497
722
338 483 625 633 727
597 488
727 483
223
95 497
97 625
736 747
483 366 747
101 366 747
103 366
488
616
362
747
366
497
625 633
633
