#D:/pycharm/PyCharm Community Edition 2022.2.3/plugins/python-ce/helpers/pycharm/_jb_unittest_runner.py
# GMT Thu May 23 02:25:54 2024
# 
256 41 63 143 145 209 244 249 265 266 288 308 333 366 408 414 453 497 501 523 533 564 573 655
640 63 95 145 209 497
1 150 338 483 533 625
516 150 338 483 616 727
520 63 341 523 625
265 223 244 453 625
394 41 244 458 505 523 533
523 41 63 150 249 333 341 573 625 727
266 209 298 414
142 458
143 41 63 145 209 288 308 483 564 684
655 244 341 414 747
14 64 195 338 533 561 684
145 95 209 483 488 497 597 684
533 63 150 338 501 505 561 597 625 720 747
150 195 209 308 327 430 444 458 483 556 573 616 625 727
408 63 366 497
414 82 209 244 298 333 497 556 564
288 41 63
545
41 63 333 341 444 573 625 633
298 209
684 95 497 700
556 209
430 63 97 101 227 338 341 444 501 625 633 747
561 64 195 338 366 625
308 244 453
565
310 453
564 209 497 573 597
700 483
317
573 63 209 249 333 625
444 63 625
63 64 227 333 338 341 366 483 501 625 633
64 195 338 366 625
323
195 338 483 625
453 244 625
581 95
327 227 483 501 747
458 82 501 747
75
333 209 249 501
720
209 244 497
722
338 341 483 625 626 633 727
82 501 736 747
597 488
341 227 625 633
727 483
93
223
95 497
97 625
736 747
483 366 747
227 101 501 747
101 366 501 747
249
103 366
488
616
362
747 501
505
366
111 625
497 244
625 626 633
626
244
501
633
