8.082044842616229
0.4
6.292387751056877
0.4
6.017670295726388
0.4
0.4
5.546229035330172
0.4278953427461891
8.814226262223649
6.56992050646002
0.4
0.4
0.4
0.4
0.4
0.4
0.4
7.757425807893259
0.4
6.388380065407336
4.326181515709273
0.4
2.079943359177334
3.2790056241145065
0.4
1.3682989826484184
0.4
2.9132948686252162
8.5944317287074
0.4
7.991444792662753
3.415460923056346
2.929627024032539
1.2070058306416847
0.44812948299632405
0.4
0.4
0.4
0.4
7.199327244544579
2.5481456233706528
0.4
0.4
0.4
4.028986756085345
2.6810065076607694
1.4670008502182434
11.696165747021075
2.981053799036249
2.417398857664267
3.4879840423115875
3.3615732470162616
8.565525885763455
2.392293885409085
1.2687208376995918
0.4
2.4337617459531606
1.423989900943018
4.420252369554521
0.4
0.4
3.60723777776839
5.887807491937441
3.3888879496147677
2.051872130863563
4.260080631518143
1.4030059286656424
0.4
6.6360954322326275
6.319442283408119
0.4
4.498754561555459
6.827954720647725
2.952933293798573
1.3113786803437975
0.4
0.4
0.4
4.141933187959056
0.4
0.4
3.6557978267027895
5.623442441277849
0.4
4.3838027289281065
0.4
1.4133633456146886
0.4
7.5631288184470495
1.569938879849775
6.729732554083633
8.16024899965736
2.113661727289877
0.9711753558800453
2.6494437182955535
1.0283835360416
4.508732543149044
5.167095354754961
0.5180396709603048
