519 84 0.5376980874726343
519 139 0.2285816958244532
519 304 0.8037630544081789
519 731 0.6946076444902952
10 663 0.941344002350994
13 58 0.855683401321696
13 149 0.7006761542491677
13 347 0.28196854300524
13 363 0.8424060444956641
13 493 0.5752892576713388
13 686 0.7899450410123574
525 41 0.22104154071106963
525 132 0.6664893788383157
525 231 0.3967852285668837
525 313 0.5997977110060908
525 447 0.9406111307916344
525 493 0.5482594514237698
525 538 0.39854479011614086
525 548 0.3889778015496086
525 663 0.661800104916026
525 696 0.7961934667834587
529 229 0.020749593267917144
529 543 0.26611592959755015
529 756 0.6729041656586627
538 41 0.7588081601793103
538 132 0.06866798998190649
538 313 0.2582859429792861
538 447 0.11523353249480073
538 548 0.3023399401728951
538 663 0.9026336678808824
538 669 0.7140133439387386
538 696 0.6927652149850007
26 84 0.7729163367327019
26 307 0.9692842613522142
26 372 0.2356344975085155
26 587 0.5547823710406192
26 621 0.662584825215315
26 656 0.93508528097444
26 669 0.5005769517000541
26 686 0.46564167642854815
26 695 0.8877305913963641
543 139 0.3341780168666779
543 259 0.7736476082166261
543 260 0.8980462897484437
543 372 0.8438860705844703
543 379 0.4851141911863419
543 483 0.44712902561421153
543 549 0.7433967816161681
543 669 0.6210311491384756
543 764 0.24877597770068693
548 41 0.536234658285851
548 150 0.5549319795003286
548 248 0.1139595690851758
548 313 0.39291986430801606
548 414 0.0754688004112799
548 493 0.40971796887505774
548 663 0.7101219951903032
548 669 0.7460277432148692
549 84 0.42556145295033443
549 89 0.5184841754532885
549 90 0.7592634101077054
549 130 0.8610760605530329
549 150 0.529695186887175
549 197 0.41699972522716156
549 289 0.24494821082758078
549 321 0.6300554981593303
549 367 0.1903244750373635
549 372 0.2513110394825633
549 463 0.08240412195768998
549 483 0.0530481190611195
550 672 0.17529814661096454
41 84 0.13992763206453018
41 89 0.7252552641356316
41 132 0.6567950237598165
41 248 0.5525521459293093
41 312 0.6027062311909414
41 313 0.2499104099054268
41 321 0.31051083225757337
41 656 0.5883481768880552
41 663 0.9683881003908044
41 669 0.1306420455740459
41 696 0.03202777279655178
46 116 0.3673497152563451
46 150 0.3741977971605691
46 367 0.6431541250890722
46 372 0.49622340240440477
46 414 0.44878329333773637
46 483 0.011621650081091395
46 592 0.5051445987250934
46 686 0.12729319299957187
48 89 0.29144210596124576
48 259 0.9172780721731738
48 307 0.8834141895036998
48 669 0.4341874231843931
48 764 0.5979646034727025
58 447 0.6578193601407354
58 686 0.0673620842656728
576 89 0.9307539991519332
576 307 0.5763776448460711
576 663 0.7410470610420968
576 669 0.589394862911998
587 248 0.2644193838406761
592 116 0.4255438147186593
592 130 0.029471546562386375
592 367 0.16598150523811317
592 496 0.25045390326347394
84 91 0.17473112921164657
84 130 0.30009447184895854
84 321 0.2317813737078459
84 367 0.8064011009968648
84 372 0.43961601724259225
84 395 0.9713688669310633
84 483 0.8883695246489081
84 496 0.5316376854200138
84 626 0.8431974691544117
84 640 0.20814115109226272
84 656 0.30524872168293893
84 663 0.1543048753782036
84 680 0.42761473865501176
84 686 0.603227976673857
89 95 0.5479187734753639
89 108 0.6002999656570464
89 139 0.5592123481908903
89 150 0.5303979879789463
89 161 0.5595077494022365
89 197 0.11394862981161036
89 239 0.5118241891378954
89 248 0.9155246766150124
89 307 0.6852651757495833
89 347 0.6286353400200464
89 414 0.6751759523676378
89 447 0.2890901213970921
89 493 0.8696500706433984
89 640 0.7426163570050305
89 656 0.5086929508882604
89 663 0.335240995162046
89 683 0.8845007360172423
89 685 0.6277780611160007
89 686 0.48656586994934314
89 731 0.6343444126934918
89 745 0.5664688064911899
89 764 0.37047443007059155
90 150 0.048538608841912634
90 372 0.10866886544513432
90 483 0.006918722860357218
95 139 0.7499597315642933
95 197 0.22521496034262112
95 640 0.4304452946329099
95 663 0.7955711655796609
609 260 0.07645606909351887
609 307 0.5646271821408497
609 686 0.48275983004612033
609 745 0.3977601168593733
610 116 0.7791379129900283
610 483 0.6793525541691687
103 387 0.32592691977474453
615 654 0.16847341198639054
619 344 0.6684923982783092
619 347 0.08611005644071201
619 414 0.16504468695928742
619 493 0.3567460645487345
619 636 0.9248764574300373
619 685 0.4067560692608516
116 130 0.3868514559039009
116 150 0.885378023796285
116 248 0.8105788004442543
116 483 0.10266432776687862
636 363 0.6679292140963023
636 414 0.10893443233300149
636 669 0.9818882003389107
640 139 0.6059180687906902
640 197 0.95083831521733
640 231 0.16245900778791666
640 663 0.6361231161154925
640 731 0.11125407240951735
130 150 0.32339828630057355
130 367 0.3055145030514671
130 372 0.043198914412310385
130 483 0.41735402794433885
130 496 0.25668817792976983
132 313 0.13466228214069964
132 372 0.013426375461080609
132 669 0.868343055318787
132 696 0.10404127798384344
139 483 0.14526166314758215
139 731 0.38096418659615006
654 686 0.1401711418895667
656 149 0.9172025780517591
656 483 0.36840241779614114
149 372 0.9294119397997659
149 764 0.6114998838088113
150 218 0.5596350674194294
150 248 0.8495097242676397
150 321 0.2719251829898979
150 367 0.8583009033683764
150 372 0.5321526602087326
150 483 0.5534783138488689
150 496 0.5839775433595389
663 197 0.6180331744047497
663 248 0.7356720041880436
663 304 0.09298869586398117
663 307 0.28052783754989374
663 321 0.9199603463310173
663 372 0.7192827179846528
663 447 0.4099624249348749
663 493 0.04703607225819639
663 686 0.48591507525815325
663 745 0.7757771867099569
666 248 0.03825237601695197
666 312 0.8039132575143135
666 493 0.4359124748465625
669 239 0.5563560794689267
669 259 0.8460982378155287
669 307 0.3254342994969178
669 313 0.5802891125719097
669 347 0.2701187767376536
669 395 0.8949495163965642
669 672 0.9454879071108717
669 695 0.4153560338144948
669 746 0.5095821351525522
669 756 0.1308595947819554
669 764 0.49207236916871855
161 248 0.8781655542884029
161 363 0.4493952204847722
680 372 0.35332025754212626
686 218 0.42511066374150663
686 248 0.7341152293318791
686 307 0.10921709127970392
686 321 0.907393990887608
686 347 0.896859564476148
686 363 0.836100079932269
686 447 0.9956463958670673
686 483 0.6664323105641752
686 493 0.18661792851658865
686 745 0.7958540927423449
696 748 0.09548613580741361
197 304 0.19649665189424215
218 372 0.5185890023337062
218 463 0.19240837052962323
218 496 0.8430951824213955
731 313 0.77287555653496
731 372 0.7731949230097994
229 756 0.1289095463824389
745 307 0.10237563715267273
745 321 0.14426639607174752
745 347 0.21559942424296907
745 349 0.26976316770165054
745 372 0.886346047197857
745 470 0.8364100467237882
745 764 0.7183179650835337
746 363 0.3744358951105192
746 756 0.6981290478540416
248 493 0.49586405547285906
764 259 0.4599278713559749
764 307 0.33402797927604544
259 307 0.38749383313978114
260 379 0.4095453061938302
289 372 0.6458890788057163
304 414 0.40858971174533243
304 483 0.7122650334682847
307 321 0.07148574925702489
307 470 0.3301545566217108
312 414 0.6734036965572671
312 493 0.8794656053904898
313 372 0.6261143409104002
321 372 0.9542091589331075
344 414 0.5034131989295498
347 363 0.23970666403016405
363 414 0.449542373138748
363 447 0.16942358185658513
363 493 0.17772516592562004
367 372 0.10512261680951884
367 463 0.3977609908942499
367 483 0.6288845183022813
367 496 0.1976002359004041
372 483 0.45420929789935627
372 496 0.6188170854029628
447 493 0.927362807810403
483 496 0.3838307667276156
