256 41 0.825263298673666
256 63 0.4194232417620346
256 143 0.27521081604483055
256 209 0.492655386479537
256 265 0.6411968245823519
256 266 0.7002255239854843
256 288 0.9824603855112574
256 366 0.35736754598001375
256 408 0.3243248433827095
256 414 0.11534974341425441
256 453 0.5870747017126332
256 497 0.3352704781672178
256 523 0.19037884654876303
256 533 0.016209026660689796
256 573 0.27103795943509257
256 655 0.7053331153129081
516 150 0.3720601930810732
516 338 0.170481773708285
516 483 0.4261311353438578
516 616 0.06219245568370457
516 727 0.7831185098466164
265 223 0.8553226195102233
265 453 0.21877355907286744
265 625 0.817120303018883
394 41 0.6342064135522842
394 523 0.9365197161897865
394 533 0.6021704873486543
523 41 0.07399689426047196
523 63 0.12444372203200982
523 150 0.18852062230064282
523 573 0.830086131214745
523 625 0.11969547265179015
523 727 0.09153185315534418
266 209 0.8338444305994857
266 414 0.11604613837891842
143 41 0.6055041702213623
143 63 0.19459095568233187
143 209 0.9706919132543499
143 288 0.7181133264593419
143 483 0.47923365392220396
143 684 0.7271552294548347
655 414 0.06108489585644861
655 747 0.6793471949009788
14 338 0.5442354114772292
14 533 0.620599970977755
14 561 0.8359026555711022
14 684 0.07000430092833387
533 63 0.07197168951426236
533 150 0.3010615360013691
533 338 0.43606864795325617
533 561 0.06104243921962749
533 597 0.46713122754826175
533 625 0.5964849226245376
533 747 0.6993231250959273
150 209 0.39127619713064865
150 430 0.2601332542192585
150 444 0.9043986330300443
150 483 0.47021616129820465
150 573 0.9023042315131579
150 616 0.5697685418235108
150 625 0.6976970707821888
150 727 0.2034146857749588
408 63 0.7673483420763234
408 366 0.7886482900098098
408 497 0.1582086298273846
414 209 0.16195407019788421
414 497 0.5294742230377147
288 41 0.11721284387105246
288 63 0.9214183944636138
41 63 0.6656058220179341
41 444 0.01320375853497835
41 573 0.6812806756042346
41 625 0.9000980523907597
41 633 0.8748046942695984
684 95 0.9175111227590292
684 497 0.6489334878113245
684 700 0.38864224283144744
430 63 0.6576161999324908
430 97 0.15341277093142425
430 101 0.6908227578732097
430 338 0.4579542036471842
430 444 0.07907378923830799
430 625 0.7390161160059011
430 633 0.5443194976514814
430 747 0.13483760684825774
561 338 0.7621666562045316
561 366 0.4818270828740713
561 625 0.6101356542697393
310 453 0.673403459483394
700 483 0.5902776863195436
573 63 0.8919435414206076
573 209 0.8537743808409336
573 625 0.1323442810447465
444 63 0.3102975814641805
444 625 0.7484858811975865
63 338 0.8289027709575956
63 366 0.08072310687247075
63 483 0.594576926472109
63 625 0.6985826889753467
63 633 0.16007977902454107
453 625 0.22309782085865282
209 497 0.4481353266436462
338 483 0.7103499760882809
338 625 0.6737752003084974
338 633 0.8745376498580455
338 727 0.03154547812243602
597 488 0.8716881923513831
727 483 0.5674723417924832
95 497 0.7721857179864934
97 625 0.709006034186331
736 747 0.16567497287207977
483 366 0.06388630911131887
483 747 0.7015161675042403
101 366 0.44636471217552665
101 747 0.8849455079977631
103 366 0.9080398571595916
625 633 0.603977387811875
