256 41 0.19106709150239054
256 143 0.5675107406206719
256 265 0.23861592861522019
256 288 0.9675402502901433
256 366 0.80317946927987
256 414 0.44796957143557037
256 497 0.08044581855253541
256 523 0.32005460467254576
516 150 0.5079406425205739
516 616 0.9328338242269067
265 223 0.10905784593110368
394 41 0.5512672460905512
394 523 0.7065614098668896
523 41 0.5474409113284238
523 150 0.814466863291336
143 41 0.540283606970324
143 288 0.9638385459738009
150 430 0.603185627961383
150 616 0.5876170641754364
414 497 0.4449890262755162
288 41 0.5962868615831063
41 633 0.38490114597266045
430 97 0.5756510141648885
430 101 0.290329502402758
430 633 0.18939132855435614
597 488 0.1867295282555551
101 366 0.6127731798686067
