2 415 0.8993905995638032
13 82 0.5624846398630371
13 94 0.39405606131527904
13 167 0.003646320109641943
13 173 0.778922631788643
13 335 0.45888152041811003
13 415 0.5819552754708356
13 458 0.49200476943810356
13 622 0.23018336128034123
531 76 0.20103875765899482
531 154 0.45058435194370994
531 194 0.8876142899442641
531 198 0.380174042333405
531 204 0.623405687901259
531 213 0.3481925139940618
531 243 0.9775985560658853
531 259 0.7486199425161082
531 262 0.36735718712346077
531 286 0.7605488458123065
531 324 0.4770322161880287
531 411 0.5418405096358275
531 460 0.29591766577660295
531 543 0.7283642590543652
531 569 0.13972674817854713
531 587 0.36342282108896007
531 622 0.5303510661919137
531 653 0.018918270094094858
23 750 0.43261846547147187
543 76 0.4489687327086518
543 154 0.923609274559924
543 243 0.9791535242508277
543 259 0.6905858184103724
543 262 0.8408946745260943
543 324 0.9087493068770703
543 411 0.5059120327910545
543 443 0.6490010076382187
543 622 0.9927317671217151
35 117 0.6206559223246232
35 119 0.7714442169904248
35 194 0.6542316264909265
35 353 0.26866030955699116
35 622 0.73889616225395
35 638 0.4651128102778913
35 753 0.7357385967063887
53 273 0.23577111575351017
53 290 0.12958783919756367
53 414 0.8527974851786209
57 160 0.3277033641240429
57 324 0.8951426046232639
57 458 0.9029045891855011
57 569 0.14139037310406344
57 653 0.7457974903518038
57 667 0.7205852246469974
569 204 0.6865355487085694
569 213 0.9167511221193703
569 262 0.12323106636489778
569 300 0.26814889643597817
569 324 0.038994413085808644
569 460 0.1894772229378182
569 485 0.3907325656259464
569 662 0.5465159305010735
569 667 0.7046127118695387
569 697 0.8127045890011383
586 307 0.6302296681651577
586 416 0.9377538852824829
586 706 0.1364748040499979
586 760 0.2746864920808805
587 160 0.025226969769533314
587 248 0.6680643328296828
587 266 0.07679817737420003
76 94 0.7799057377191768
76 154 0.33970331605238646
76 194 0.24538021532191412
76 243 0.7786628131682456
76 259 0.3178576535360931
76 262 0.1459967141147357
76 307 0.25913800370623474
76 324 0.13237060088087027
76 622 0.9990161811989381
76 653 0.4952820020873191
594 82 0.5040212053383031
594 140 0.4755929669181598
594 167 0.3914075695930085
594 415 0.8703597002360651
594 458 0.7396950473681007
594 706 0.09526943902575946
83 650 0.9023420746229674
82 198 0.8210927300519147
82 290 0.31059113519132053
82 300 0.5498969213581295
82 307 0.9358804968102529
82 414 0.17106148940021537
82 416 0.4430323219707959
82 458 0.8990607170567854
82 706 0.5184675491128322
85 194 0.8336501803493249
85 266 0.17824427925002473
85 290 0.2012429035426594
85 421 0.11770029507815838
94 140 0.44604199678443845
94 154 0.4677961771788537
94 176 0.8514423949204203
94 622 0.850192597275185
614 248 0.30657847699820107
614 322 0.5347082325410822
614 353 0.7984222264395255
614 468 0.7209637828082119
614 642 0.8277939772182459
614 690 0.20643430000194685
614 753 0.3054362004184319
103 224 0.9877981484461842
103 638 0.50662029004779
622 119 0.9940081494727466
622 154 0.8538590257863512
622 167 0.09483490410477924
622 198 0.5186003539324548
622 224 0.7481829808091256
622 300 0.9738331748826047
622 307 0.5605232087675092
622 324 0.3720952705610938
622 640 0.2923227336319879
622 653 0.01074908923532547
622 690 0.8026715545184515
622 753 0.147079626360069
117 119 0.5118673288558712
117 343 0.8715655198581518
117 414 0.7310314709594836
117 640 0.5103422631796619
117 753 0.1785459413745285
119 239 0.823237080158213
119 248 0.521819509839685
119 343 0.11639292437361626
119 468 0.2800137763928521
119 640 0.41765196295504314
119 753 0.9080323732617407
120 679 0.5332116722465952
632 458 0.6029555189386482
123 757 0.8929811990629962
638 224 0.44192617717723537
638 324 0.40742046337515037
640 324 0.7162962261097647
640 343 0.7169765955494274
640 690 0.1753919186556001
640 753 0.1734983982565509
650 286 0.8068378500311697
650 443 0.4964270867719778
650 446 0.5984042403389038
650 757 0.749604654522334
140 167 0.2983131122458761
140 300 0.24306758465693135
140 415 0.2752584291114949
140 458 0.23304944572810338
653 154 0.09402557872765949
653 160 0.6920256580102353
653 204 0.5923000532807605
653 324 0.43169731151966206
653 437 0.7835723030395056
653 485 0.541932394581901
653 662 0.1673707254994593
653 667 0.056046727682036446
154 176 0.08841590216084039
154 204 0.02470929388542764
154 243 0.030812061565648752
154 262 0.2550430876602082
154 324 0.35818146365024917
154 690 0.9341066949612142
160 173 0.9709449152148777
160 248 0.40223076666687674
160 322 0.9135435365182761
167 198 0.8643862823277306
167 300 0.6790587534240279
167 415 0.6761756529335754
167 458 0.3635285795766754
679 204 0.06167513562645577
173 176 0.7404619289309272
173 322 0.8489801300927058
173 446 0.15762103519405135
176 243 0.6390466248349563
176 307 0.7336197900874197
176 443 0.42077584441022353
176 446 0.042584076530322146
690 204 0.6017415654327405
690 248 0.2177960603622231
690 273 0.5402829940323369
690 322 0.9496408668240802
690 324 0.8040789772733878
690 757 0.09335008477054874
194 266 0.7630726832764836
194 307 0.8586304147864527
194 414 0.8955666847334612
194 421 0.8581956972253498
706 300 0.7775133611177097
706 307 0.5264718033076298
706 416 0.3285105012712094
706 468 0.44531758270375454
198 300 0.148835365636943
204 213 0.6351714292100717
204 468 0.743493192154426
213 262 0.8584776993990029
213 300 0.18705050396196843
213 307 0.20289565757259986
229 443 0.2255787275193949
229 458 0.0004525193876784295
239 446 0.05214092120409297
753 468 0.22429268739853647
243 262 0.42613677670636585
243 286 0.5066323998242527
243 411 0.6091223834338385
243 443 0.6695703884686086
243 446 0.6101008306515767
757 248 0.6437131075601665
757 322 0.5995904471241847
248 322 0.9496780643713629
248 343 0.31852635654500727
248 468 0.9359684128818038
760 324 0.05351847418320366
259 307 0.8557645461909846
259 443 0.5088820122588616
262 324 0.5266441291198518
262 443 0.17721279581283278
266 290 0.1482592166240625
266 414 0.5480348168568956
286 307 0.8218616198652149
286 446 0.12646430095704742
290 322 0.8842332138090728
290 414 0.9984040093613014
290 421 0.2913566812349372
300 415 0.10039272286776635
307 443 0.553205646309295
307 458 0.9064594827886319
312 414 0.8145581295070866
322 414 0.20321553850007235
343 468 0.08462156444056723
353 468 0.15473669042608662
414 421 0.9501781956651576
415 458 0.15597024194532683
416 468 0.7513493295618516
437 443 0.3533017931253636
438 458 0.3079908889901074
443 446 0.9556382354273812
